    0.0500000      1848.31
     0.150000      1513.77
     0.250000      1179.23
     0.350000      844.697
     0.450000      510.159
     0.550000      381.592
     0.650000      300.483
     0.750000      219.374
     0.850000      175.762
     0.950000      149.164
      1.05000      122.565
      1.15000      104.164
      1.25000      92.1250
      1.35000      80.0859
      1.45000      69.8962
      1.55000      62.0773
      1.65000      54.2585
      1.75000      47.4241
      1.85000      42.7467
      1.95000      38.0693
      2.05000      33.7952
      2.15000      31.2570
      2.25000      28.7189
      2.35000      26.2384
      2.45000      24.6074
      2.55000      22.9763
      2.65000      21.3452
      2.75000      19.5034
      2.85000      17.6478
      2.95000      15.7923
      3.05000      14.8506
      3.15000      14.1178
      3.25000      13.3850
      3.35000      12.4836
      3.45000      11.5061
      3.55000      10.5287
      3.65000      9.74840
      3.75000      9.12031
      3.85000      8.49222
      3.95000      7.83310
      4.05000      7.13441
      4.15000      6.43571
      4.25000      5.89016
      4.35000      5.67818
      4.45000      5.46619
      4.55000      5.25090
      4.65000      5.02147
      4.75000      4.79204
      4.85000      4.56469
      4.95000      4.36739
      5.05000      4.17008
      5.15000      3.97278
      5.25000      3.74840
      5.35000      3.52230
      5.45000      3.29620
      5.55000      3.02006
      5.65000      2.73258
      5.75000      2.44511
      5.85000      2.41507
      5.95000      2.50045
      6.05000      2.58582
      6.15000      2.44547
      6.25000      2.13175
      6.35000      1.81803
      6.45000      1.62480
      6.55000      1.58442
      6.65000      1.54404
      6.75000      1.48537
      6.85000      1.38709
      6.95000      1.28882
      7.05000      1.20282
      7.15000      1.16879
      7.25000      1.13476
      7.35000      1.10260
      7.45000      1.09673
      7.55000      1.09086
      7.65000      1.08499
      7.75000      1.04129
      7.85000     0.995222
      7.95000     0.949159
      8.05000     0.910162
      8.15000     0.872752
      8.25000     0.835343
      8.35000     0.829418
      8.45000     0.837524
      8.55000     0.845631
      8.65000     0.813493
      8.75000     0.750608
      8.85000     0.687723
      8.95000     0.659904
      9.05000     0.676348
      9.15000     0.692792
      9.25000     0.693056
      9.35000     0.658492
      9.45000     0.623928
      9.55000     0.594856
      9.65000     0.588845
      9.75000     0.582834
      9.85000     0.572962
      9.95000     0.509773
      10.0500     0.446583
      10.1500     0.383393
      10.2500     0.429062
      10.3500     0.481351
      10.4500     0.533640
      10.5500     0.512780
      10.6500     0.475626
      10.7500     0.438473
      10.8500     0.413603
      10.9500     0.394175
      11.0500     0.374746
      11.1500     0.372117
      11.2500     0.382257
      11.3500     0.392397
      11.4500     0.381782
      11.5500     0.345105
      11.6500     0.308427
      11.7500     0.294753
      11.8500     0.330310
      11.9500     0.365867
      12.0500     0.390865
      12.1500     0.371886
      12.2500     0.352908
      12.3500     0.332459
      12.4500     0.292101
      12.5500     0.251744
      12.6500     0.211386
      12.7500     0.244002
      12.8500     0.280951
      12.9500     0.317900
      13.0500     0.287760
      13.1500     0.242803
      13.2500     0.197847
      13.3500     0.179848
      13.4500     0.173720
      13.5500     0.167592
      13.6500     0.177655
      13.7500     0.199959
      13.8500     0.222264
      13.9500     0.227807
      14.0500     0.212410
      14.1500     0.197014
      14.2500     0.181827
      14.3500     0.167084
      14.4500     0.152342
      14.5500     0.142867
      14.6500     0.155149
      14.7500     0.167431
      14.8500     0.178167
      14.9500     0.168386
      15.0500     0.158605
      15.1500     0.148823
      15.2500     0.139409
      15.3500     0.130015
      15.4500     0.120622
      15.5500     0.119465
      15.6500     0.120112
      15.7500     0.120759
      15.8500     0.124219
      15.9500     0.128912
      16.0500     0.133604
      16.1500     0.129843
      16.2500     0.119722
      16.3500     0.109601
      16.4500     0.103723
      16.5500     0.103117
      16.6500     0.102511
      16.7500     0.103561
      16.8500     0.108113
      16.9500     0.112665
      17.0500     0.113969
      17.1500     0.101969
      17.2500    0.0899678
      17.3500    0.0789690
      17.4500    0.0810146
      17.5500    0.0830601
      17.6500    0.0851057
      17.7500    0.0859352
      17.8500    0.0866960
      17.9500    0.0874568
      18.0500    0.0891809
      18.1500    0.0911142
      18.2500    0.0930474
      18.3500    0.0974031
      18.4500     0.102813
      18.5500     0.108223
      18.6500     0.107561
      18.7500     0.102355
      18.8500    0.0971498
      18.9500    0.0930393
      19.0500    0.0902831
      19.1500    0.0875270
      19.2500    0.0826236
      19.3500    0.0732049
      19.4500    0.0637861
      19.5500    0.0566104
      19.6500    0.0585532
      19.7500    0.0604961
      19.8500    0.0621972
      19.9500    0.0608095
