    0.0500000      1849.05
     0.150000      1489.88
     0.250000      1130.71
     0.350000      791.594
     0.450000      618.533
     0.550000      445.471
     0.650000      352.577
     0.750000      274.249
     0.850000      220.162
     0.950000      183.291
      1.05000      151.367
      1.15000      129.803
      1.25000      108.818
      1.35000      96.6461
      1.45000      84.4742
      1.55000      74.2023
      1.65000      64.4045
      1.75000      56.6039
      1.85000      50.5132
      1.95000      44.8030
      2.05000      40.0848
      2.15000      35.4029
      2.25000      32.9921
      2.35000      30.5812
      2.45000      27.8178
      2.55000      24.9394
      2.65000      22.6459
      2.75000      20.9544
      2.85000      19.3713
      2.95000      18.1486
      3.05000      16.9259
      3.15000      15.3983
      3.25000      13.8612
      3.35000      12.6971
      3.45000      11.6867
      3.55000      10.7151
      3.65000      9.79161
      3.75000      8.91734
      3.85000      8.25956
      3.95000      7.60177
      4.05000      6.98890
      4.15000      6.37974
      4.25000      6.07980
      4.35000      5.93758
      4.45000      5.65690
      4.55000      5.16914
      4.65000      4.72355
      4.75000      4.53867
      4.85000      4.35379
      4.95000      4.02110
      5.05000      3.66782
      5.15000      3.37886
      5.25000      3.12997
      5.35000      2.97777
      5.45000      3.00149
      5.55000      2.99365
      5.65000      2.67875
      5.75000      2.36386
      5.85000      2.28910
      5.95000      2.26294
      6.05000      2.15834
      6.15000      1.99463
      6.25000      1.84434
      6.35000      1.72410
      6.45000      1.60736
      6.55000      1.56118
      6.65000      1.51500
      6.75000      1.44793
      6.85000      1.37517
      6.95000      1.31768
      7.05000      1.27407
      7.15000      1.22175
      7.25000      1.14497
      7.35000      1.06827
      7.45000      1.05226
      7.55000      1.03625
      7.65000     0.944263
      7.75000     0.825534
      7.85000     0.752027
      7.95000     0.727870
      8.05000     0.704398
      8.15000     0.683406
      8.25000     0.662415
      8.35000     0.629189
      8.45000     0.595389
      8.55000     0.589785
      8.65000     0.596632
      8.75000     0.571995
      8.85000     0.505991
      8.95000     0.446024
      9.05000     0.415384
      9.15000     0.384744
      9.25000     0.408271
      9.35000     0.437208
      9.45000     0.457338
      9.55000     0.472676
      9.65000     0.458222
      9.75000     0.396412
      9.85000     0.344628
      9.95000     0.363232
      10.0500     0.381836
      10.1500     0.357685
      10.2500     0.326758
      10.3500     0.299998
      10.4500     0.275998
      10.5500     0.264955
      10.6500     0.279044
      10.7500     0.289277
      10.8500     0.254354
      10.9500     0.219432
      11.0500     0.209352
      11.1500     0.204831
      11.2500     0.196101
      11.3500     0.184005
      11.4500     0.172789
      11.5500     0.163688
      11.6500     0.154680
      11.7500     0.148420
      11.8500     0.142160
      11.9500     0.155857
      12.0500     0.175476
      12.1500     0.174560
      12.2500     0.153886
      12.3500     0.140122
      12.4500     0.147290
      12.5500     0.154458
      12.6500     0.146522
      12.7500     0.138381
      12.8500     0.130446
      12.9500     0.122588
      13.0500     0.114854
      13.1500     0.107264
      13.2500     0.101504
      13.3500     0.102967
      13.4500     0.104430
      13.5500    0.0966841
      13.6500    0.0883569
      13.7500    0.0881666
      13.8500    0.0918204
      13.9500    0.0914872
      14.0500    0.0855947
      14.1500    0.0803752
      14.2500    0.0787937
      14.3500    0.0772121
      14.4500    0.0756736
      14.5500    0.0741400
      14.6500    0.0764387
      14.7500    0.0809579
      14.8500    0.0799284
      14.9500    0.0695173
      15.0500    0.0594606
      15.1500    0.0522679
      15.2500    0.0450753
      15.3500    0.0461921
      15.4500    0.0487909
      15.5500    0.0502370
      15.6500    0.0508724
      15.7500    0.0505920
      15.8500    0.0484146
      15.9500    0.0460643
      16.0500    0.0411879
      16.1500    0.0363114
      16.2500    0.0373640
      16.3500    0.0398744
      16.4500    0.0447716
      16.5500    0.0516929
      16.6500    0.0551055
      16.7500    0.0494785
      16.8500    0.0439173
      16.9500    0.0419232
      17.0500    0.0399292
      17.1500    0.0373220
      17.2500    0.0345175
      17.3500    0.0342740
      17.4500    0.0366420
      17.5500    0.0376230
      17.6500    0.0340535
      17.7500    0.0304841
      17.8500    0.0326453
      17.9500    0.0349709
      18.0500    0.0331796
      18.1500    0.0297117
      18.2500    0.0277361
      18.3500    0.0275911
      18.4500    0.0292483
      18.5500    0.0387099
      18.6500    0.0481715
      18.7500    0.0383824
      18.8500    0.0270576
      18.9500    0.0221416
      19.0500    0.0204602
      19.1500    0.0200409
      19.2500    0.0214906
      19.3500    0.0233688
      19.4500    0.0278450
      19.5500    0.0323213
      19.6500    0.0267274
      19.7500    0.0197615
      19.8500    0.0202934
      19.9500    0.0254483
