    0.0500000      58.0991
     0.150000      56.9257
     0.250000      55.7523
     0.350000      54.5789
     0.450000      53.4055
     0.550000      52.2320
     0.650000      51.0586
     0.750000      49.8852
     0.850000      48.7118
     0.950000      47.6668
      1.05000      47.5358
      1.15000      47.4048
      1.25000      47.2738
      1.35000      47.1429
      1.45000      47.0119
      1.55000      46.8809
      1.65000      45.4003
      1.75000      43.7213
      1.85000      42.0424
      1.95000      40.3635
      2.05000      38.6846
      2.15000      37.0057
      2.25000      35.3953
      2.35000      33.8267
      2.45000      32.2580
      2.55000      30.6894
      2.65000      29.1208
      2.75000      27.5522
      2.85000      26.3059
      2.95000      25.6097
      3.05000      24.9135
      3.15000      24.2173
      3.25000      23.5211
      3.35000      22.8249
      3.45000      22.0684
      3.55000      20.8617
      3.65000      19.6550
      3.75000      18.4484
      3.85000      17.2417
      3.95000      16.0350
      4.05000      14.8283
      4.15000      14.3058
      4.25000      13.8882
      4.35000      13.4707
      4.45000      13.0531
      4.55000      12.6355
      4.65000      12.2179
      4.75000      11.7460
      4.85000      11.2402
      4.95000      10.7344
      5.05000      10.2285
      5.15000      9.72272
      5.25000      9.21691
      5.35000      8.76441
      5.45000      8.40488
      5.55000      8.04534
      5.65000      7.68580
      5.75000      7.32626
      5.85000      6.96672
      5.95000      6.62754
      6.05000      6.44758
      6.15000      6.26763
      6.25000      6.08768
      6.35000      5.90773
      6.45000      5.72778
      6.55000      5.54783
      6.65000      5.36375
      6.75000      5.17900
      6.85000      4.99426
      6.95000      4.80952
      7.05000      4.62477
      7.15000      4.44003
      7.25000      4.27886
      7.35000      4.13270
      7.45000      3.98654
      7.55000      3.84038
      7.65000      3.69422
      7.75000      3.54806
      7.85000      3.37645
      7.95000      3.15953
      8.05000      2.94261
      8.15000      2.72568
      8.25000      2.50876
      8.35000      2.29184
      8.45000      2.09793
      8.55000      2.09319
      8.65000      2.08845
      8.75000      2.08372
      8.85000      2.07898
      8.95000      2.07424
      9.05000      2.06951
      9.15000      2.02770
      9.25000      1.97971
      9.35000      1.93173
      9.45000      1.88374
      9.55000      1.83576
      9.65000      1.78777
      9.75000      1.73773
      9.85000      1.68634
      9.95000      1.63496
      10.0500      1.58358
      10.1500      1.53219
      10.2500      1.48081
      10.3500      1.42152
      10.4500      1.34786
      10.5500      1.27421
      10.6500      1.20055
      10.7500      1.12689
      10.8500      1.05323
      10.9500     0.984629
      11.0500     0.959820
      11.1500     0.935010
      11.2500     0.910201
      11.3500     0.885392
      11.4500     0.860583
      11.5500     0.835774
      11.6500     0.834657
      11.7500     0.837645
      11.8500     0.840634
      11.9500     0.843622
      12.0500     0.846611
      12.1500     0.849600
      12.2500     0.822388
      12.3500     0.775133
      12.4500     0.727879
      12.5500     0.680625
      12.6500     0.633370
      12.7500     0.586116
      12.8500     0.553355
      12.9500     0.547527
      13.0500     0.541699
      13.1500     0.535871
      13.2500     0.530043
      13.3500     0.524215
      13.4500     0.518438
      13.5500     0.513128
      13.6500     0.507819
      13.7500     0.502509
      13.8500     0.497199
      13.9500     0.491889
      14.0500     0.486580
      14.1500     0.466562
      14.2500     0.443897
      14.3500     0.421231
      14.4500     0.398565
      14.5500     0.375899
      14.6500     0.353233
      14.7500     0.342771
      14.8500     0.340575
      14.9500     0.338379
      15.0500     0.336183
      15.1500     0.333987
      15.2500     0.331791
      15.3500     0.323983
      15.4500     0.305518
      15.5500     0.287054
      15.6500     0.268589
      15.7500     0.250124
      15.8500     0.231659
      15.9500     0.214807
      16.0500     0.213544
      16.1500     0.212281
      16.2500     0.211018
      16.3500     0.209755
      16.4500     0.208493
      16.5500     0.207230
      16.6500     0.208386
      16.7500     0.209994
      16.8500     0.211602
      16.9500     0.213211
      17.0500     0.214819
      17.1500     0.216427
      17.2500     0.207659
      17.3500     0.191718
      17.4500     0.175777
      17.5500     0.159835
      17.6500     0.143894
      17.7500     0.127953
      17.8500     0.120312
      17.9500     0.128781
      18.0500     0.137250
      18.1500     0.145719
      18.2500     0.154188
      18.3500     0.162657
      18.4500     0.169628
      18.5500     0.161225
      18.6500     0.152823
      18.7500     0.144420
      18.8500     0.136017
      18.9500     0.127615
      19.0500     0.119212
      19.1500     0.121447
      19.2500     0.125745
      19.3500     0.130043
      19.4500     0.134340
      19.5500     0.138638
      19.6500     0.142936
      19.7500     0.140153
      19.8500     0.132375
      19.9500     0.124596
