    0.0500000      118.942
     0.150000      115.791
     0.250000      112.641
     0.350000      109.491
     0.450000      106.340
     0.550000      103.190
     0.650000      100.039
     0.750000      96.8889
     0.850000      93.7385
     0.950000      90.5880
      1.05000      87.4376
      1.15000      84.2872
      1.25000      81.1368
      1.35000      77.9863
      1.45000      74.8359
      1.55000      71.6855
      1.65000      68.5351
      1.75000      65.3846
      1.85000      62.2342
      1.95000      59.0838
      2.05000      55.9334
      2.15000      52.7829
      2.25000      49.6325
      2.35000      46.4821
      2.45000      43.3316
      2.55000      40.1812
      2.65000      37.0308
      2.75000      33.8804
      2.85000      30.7299
      2.95000      27.5795
      3.05000      24.4291
      3.15000      21.2787
      3.25000      18.1282
      3.35000      14.9778
      3.45000      11.8274
      3.55000      8.67696
      3.65000      5.52654
      3.75000      2.37611
      3.85000      0.00000
      3.95000      0.00000
      4.05000      0.00000
      4.15000      0.00000
      4.25000      0.00000
      4.35000      0.00000
      4.45000      0.00000
      4.55000      0.00000
      4.65000      0.00000
      4.75000      0.00000
      4.85000      0.00000
      4.95000      0.00000
      5.05000      0.00000
      5.15000      0.00000
      5.25000      0.00000
      5.35000      0.00000
      5.45000      0.00000
      5.55000      0.00000
      5.65000      0.00000
      5.75000      0.00000
      5.85000      0.00000
      5.95000      0.00000
      6.05000      0.00000
      6.15000      0.00000
      6.25000      0.00000
      6.35000      0.00000
      6.45000      0.00000
      6.55000      0.00000
      6.65000      0.00000
      6.75000      0.00000
      6.85000      0.00000
      6.95000      0.00000
      7.05000      0.00000
      7.15000      0.00000
      7.25000      0.00000
      7.35000      0.00000
      7.45000      0.00000
      7.55000      0.00000
      7.65000      0.00000
      7.75000      0.00000
      7.85000      0.00000
      7.95000      0.00000
      8.05000      0.00000
      8.15000      0.00000
      8.25000      0.00000
      8.35000      0.00000
      8.45000      0.00000
      8.55000      0.00000
      8.65000      0.00000
      8.75000      0.00000
      8.85000      0.00000
      8.95000      0.00000
      9.05000      0.00000
      9.15000      0.00000
      9.25000      0.00000
      9.35000      0.00000
      9.45000      0.00000
      9.55000      0.00000
      9.65000      0.00000
      9.75000      0.00000
      9.85000      0.00000
      9.95000      0.00000
      10.0500      0.00000
      10.1500      0.00000
      10.2500      0.00000
      10.3500      0.00000
      10.4500      0.00000
      10.5500      0.00000
      10.6500      0.00000
      10.7500      0.00000
      10.8500      0.00000
      10.9500      0.00000
      11.0500      0.00000
      11.1500      0.00000
      11.2500      0.00000
      11.3500      0.00000
      11.4500      0.00000
      11.5500      0.00000
      11.6500      0.00000
      11.7500      0.00000
      11.8500      0.00000
      11.9500      0.00000
      12.0500      0.00000
      12.1500      0.00000
      12.2500      0.00000
      12.3500      0.00000
      12.4500      0.00000
      12.5500      0.00000
      12.6500      0.00000
      12.7500      0.00000
      12.8500      0.00000
      12.9500      0.00000
      13.0500      0.00000
      13.1500      0.00000
      13.2500      0.00000
      13.3500      0.00000
      13.4500      0.00000
      13.5500      0.00000
      13.6500      0.00000
      13.7500      0.00000
      13.8500      0.00000
      13.9500      0.00000
      14.0500      0.00000
      14.1500      0.00000
      14.2500      0.00000
      14.3500      0.00000
      14.4500      0.00000
      14.5500      0.00000
      14.6500      0.00000
      14.7500      0.00000
      14.8500      0.00000
      14.9500      0.00000
      15.0500      0.00000
      15.1500      0.00000
      15.2500      0.00000
      15.3500      0.00000
      15.4500      0.00000
      15.5500      0.00000
      15.6500      0.00000
      15.7500      0.00000
      15.8500      0.00000
      15.9500      0.00000
      16.0500      0.00000
      16.1500      0.00000
      16.2500      0.00000
      16.3500      0.00000
      16.4500      0.00000
      16.5500      0.00000
      16.6500      0.00000
      16.7500      0.00000
      16.8500      0.00000
      16.9500      0.00000
      17.0500      0.00000
      17.1500      0.00000
      17.2500      0.00000
      17.3500      0.00000
      17.4500      0.00000
      17.5500      0.00000
      17.6500      0.00000
      17.7500      0.00000
      17.8500      0.00000
      17.9500      0.00000
      18.0500      0.00000
      18.1500      0.00000
      18.2500      0.00000
      18.3500      0.00000
      18.4500      0.00000
      18.5500      0.00000
      18.6500      0.00000
      18.7500      0.00000
      18.8500      0.00000
      18.9500      0.00000
      19.0500      0.00000
      19.1500      0.00000
      19.2500      0.00000
      19.3500      0.00000
      19.4500      0.00000
      19.5500      0.00000
      19.6500      0.00000
      19.7500      0.00000
      19.8500      0.00000
      19.9500      0.00000
