    0.0500000      2317.79
     0.150000      1880.86
     0.250000      1443.92
     0.350000      1006.98
     0.450000      570.043
     0.550000      460.463
     0.650000      350.883
     0.750000      241.302
     0.850000      206.358
     0.950000      171.413
      1.05000      136.468
      1.15000      121.002
      1.25000      105.536
      1.35000      90.0704
      1.45000      79.3223
      1.55000      68.5742
      1.65000      57.8262
      1.75000      52.0835
      1.85000      46.3408
      1.95000      40.5981
      2.05000      37.2985
      2.15000      33.9989
      2.25000      30.6993
      2.35000      28.2382
      2.45000      25.7771
      2.55000      23.3160
      2.65000      21.5973
      2.75000      19.8786
      2.85000      18.1599
      2.95000      16.6774
      3.05000      15.1949
      3.15000      13.7124
      3.25000      13.0091
      3.35000      12.3058
      3.45000      11.6025
      3.55000      10.5391
      3.65000      9.47573
      3.75000      8.41236
      3.85000      7.81645
      3.95000      7.22055
      4.05000      6.62464
      4.15000      6.34145
      4.25000      6.05827
      4.35000      5.77508
      4.45000      5.23938
      4.55000      4.70369
      4.65000      4.16800
      4.75000      4.13584
      4.85000      4.10369
      4.95000      4.07154
      5.05000      3.83082
      5.15000      3.59011
      5.25000      3.34939
      5.35000      3.02127
      5.45000      2.69315
      5.55000      2.36503
      5.65000      2.16832
      5.75000      1.97162
      5.85000      1.77491
      5.95000      1.87171
      6.05000      1.96851
      6.15000      2.06531
      6.25000      1.82045
      6.35000      1.57558
      6.45000      1.33072
      6.55000      1.30265
      6.65000      1.27458
      6.75000      1.24651
      6.85000      1.14367
      6.95000      1.04082
      7.05000     0.937976
      7.15000     0.890203
      7.25000     0.842430
      7.35000     0.794657
      7.45000     0.799279
      7.55000     0.803901
      7.65000     0.808523
      7.75000     0.776832
      7.85000     0.745141
      7.95000     0.713450
      8.05000     0.687482
      8.15000     0.661514
      8.25000     0.635546
      8.35000     0.638205
      8.45000     0.640863
      8.55000     0.643522
      8.65000     0.574784
      8.75000     0.506047
      8.85000     0.437309
      8.95000     0.423160
      9.05000     0.409010
      9.15000     0.394861
      9.25000     0.399823
      9.35000     0.404786
      9.45000     0.409748
      9.55000     0.411474
      9.65000     0.413201
      9.75000     0.414927
      9.85000     0.382275
      9.95000     0.349623
      10.0500     0.316971
      10.1500     0.313945
      10.2500     0.310919
      10.3500     0.307893
      10.4500     0.296940
      10.5500     0.285987
      10.6500     0.275034
      10.7500     0.277803
      10.8500     0.280572
      10.9500     0.283341
      11.0500     0.260416
      11.1500     0.237490
      11.2500     0.214564
      11.3500     0.215224
      11.4500     0.215883
      11.5500     0.216542
      11.6500     0.236578
      11.7500     0.256614
      11.8500     0.276650
      11.9500     0.241258
      12.0500     0.205866
      12.1500     0.170474
      12.2500     0.182992
      12.3500     0.195511
      12.4500     0.208029
      12.5500     0.179330
      12.6500     0.150632
      12.7500     0.121933
      12.8500     0.127636
      12.9500     0.133339
      13.0500     0.139042
      13.1500     0.125069
      13.2500     0.111096
      13.3500    0.0971223
      13.4500    0.0985359
      13.5500    0.0999496
      13.6500     0.101363
      13.7500     0.102716
      13.8500     0.104068
      13.9500     0.105420
      14.0500     0.104697
      14.1500     0.103974
      14.2500     0.103251
      14.3500    0.0966043
      14.4500    0.0899580
      14.5500    0.0833116
      14.6500    0.0847071
      14.7500    0.0861026
      14.8500    0.0874981
      14.9500    0.0793069
      15.0500    0.0711156
      15.1500    0.0629243
      15.2500    0.0625264
      15.3500    0.0621284
      15.4500    0.0617305
      15.5500    0.0631850
      15.6500    0.0646395
      15.7500    0.0660940
      15.8500    0.0692971
      15.9500    0.0725001
      16.0500    0.0757031
      16.1500    0.0717126
      16.2500    0.0677219
      16.3500    0.0637313
      16.4500    0.0668366
      16.5500    0.0699420
      16.6500    0.0730474
      16.7500    0.0811758
      16.8500    0.0893040
      16.9500    0.0974324
      17.0500    0.0800795
      17.1500    0.0627261
      17.2500    0.0453727
      17.3500    0.0467746
      17.4500    0.0481766
      17.5500    0.0495786
      17.6500    0.0460588
      17.7500    0.0425390
      17.8500    0.0390192
      17.9500    0.0388105
      18.0500    0.0386019
      18.1500    0.0383932
      18.2500    0.0429164
      18.3500    0.0474395
      18.4500    0.0519627
      18.5500    0.0547959
      18.6500    0.0576291
      18.7500    0.0604623
      18.8500    0.0571030
      18.9500    0.0537436
      19.0500    0.0503843
      19.1500    0.0426138
      19.2500    0.0348431
      19.3500    0.0270727
      19.4500    0.0299038
      19.5500    0.0327351
      19.6500    0.0355664
      19.7500    0.0280925
      19.8500    0.0206187
      19.9500    0.0131449
