    0.0500000      59.3235
     0.150000      57.8551
     0.250000      56.3868
     0.350000      54.9184
     0.450000      53.4501
     0.550000      51.9817
     0.650000      50.5134
     0.750000      49.0450
     0.850000      47.5767
     0.950000      46.5951
      1.05000      46.3144
      1.15000      46.0337
      1.25000      45.7530
      1.35000      45.4723
      1.45000      45.1916
      1.55000      44.6453
      1.65000      43.6054
      1.75000      42.5654
      1.85000      41.5255
      1.95000      40.4855
      2.05000      39.4456
      2.15000      38.2229
      2.25000      36.5524
      2.35000      34.8818
      2.45000      33.2113
      2.55000      31.5407
      2.65000      29.8702
      2.75000      28.3664
      2.85000      27.4222
      2.95000      26.4779
      3.05000      25.5337
      3.15000      24.5894
      3.25000      23.6452
      3.35000      22.6836
      3.45000      21.6373
      3.55000      20.5911
      3.65000      19.5448
      3.75000      18.4985
      3.85000      17.4523
      3.95000      16.4587
      4.05000      15.8935
      4.15000      15.3283
      4.25000      14.7632
      4.35000      14.1980
      4.45000      13.6328
      4.55000      13.0775
      4.65000      12.7112
      4.75000      12.3449
      4.85000      11.9787
      4.95000      11.6124
      5.05000      11.2461
      5.15000      10.8798
      5.25000      10.3005
      5.35000      9.71894
      5.45000      9.13734
      5.55000      8.55575
      5.65000      7.97416
      5.75000      7.39256
      5.85000      7.24618
      5.95000      7.13293
      6.05000      7.01967
      6.15000      6.90641
      6.25000      6.79316
      6.35000      6.67990
      6.45000      6.35876
      6.55000      6.00634
      6.65000      5.65393
      6.75000      5.30151
      6.85000      4.94909
      6.95000      4.59667
      7.05000      4.42946
      7.15000      4.30595
      7.25000      4.18243
      7.35000      4.05892
      7.45000      3.93541
      7.55000      3.81189
      7.65000      3.66658
      7.75000      3.51397
      7.85000      3.36135
      7.95000      3.20874
      8.05000      3.05612
      8.15000      2.90351
      8.25000      2.77388
      8.35000      2.65462
      8.45000      2.53536
      8.55000      2.41611
      8.65000      2.29685
      8.75000      2.17759
      8.85000      2.11673
      8.95000      2.09033
      9.05000      2.06393
      9.15000      2.03753
      9.25000      2.01113
      9.35000      1.98473
      9.45000      1.93597
      9.55000      1.87026
      9.65000      1.80456
      9.75000      1.73885
      9.85000      1.67314
      9.95000      1.60744
      10.0500      1.53679
      10.1500      1.46136
      10.2500      1.38593
      10.3500      1.31050
      10.4500      1.23508
      10.5500      1.15965
      10.6500      1.10828
      10.7500      1.08649
      10.8500      1.06470
      10.9500      1.04291
      11.0500      1.02111
      11.1500     0.999321
      11.2500     0.973594
      11.3500     0.941675
      11.4500     0.909756
      11.5500     0.877837
      11.6500     0.845917
      11.7500     0.813999
      11.8500     0.785348
      11.9500     0.763380
      12.0500     0.741411
      12.1500     0.719442
      12.2500     0.697474
      12.3500     0.675505
      12.4500     0.650815
      12.5500     0.618704
      12.6500     0.586593
      12.7500     0.554483
      12.8500     0.522372
      12.9500     0.490262
      13.0500     0.463399
      13.1500     0.456474
      13.2500     0.449549
      13.3500     0.442624
      13.4500     0.435699
      13.5500     0.428774
      13.6500     0.421172
      13.7500     0.409687
      13.8500     0.398202
      13.9500     0.386716
      14.0500     0.375231
      14.1500     0.363746
      14.2500     0.352705
      14.3500     0.346260
      14.4500     0.339816
      14.5500     0.333371
      14.6500     0.326926
      14.7500     0.320482
      14.8500     0.313829
      14.9500     0.299969
      15.0500     0.286110
      15.1500     0.272251
      15.2500     0.258391
      15.3500     0.244532
      15.4500     0.230673
      15.5500     0.230353
      15.6500     0.230481
      15.7500     0.230609
      15.8500     0.230737
      15.9500     0.230864
      16.0500     0.230992
      16.1500     0.220431
      16.2500     0.208785
      16.3500     0.197140
      16.4500     0.185495
      16.5500     0.173850
      16.6500     0.162205
      16.7500     0.159066
      16.8500     0.157454
      16.9500     0.155842
      17.0500     0.154229
      17.1500     0.152617
      17.2500     0.151005
      17.3500     0.144607
      17.4500     0.136921
      17.5500     0.129234
      17.6500     0.121548
      17.7500     0.113861
      17.8500     0.106175
      17.9500     0.104170
      18.0500     0.104291
      18.1500     0.104411
      18.2500     0.104532
      18.3500     0.104653
      18.4500     0.104774
      18.5500     0.104891
      18.6500     0.105006
      18.7500     0.105122
      18.8500     0.105237
      18.9500     0.105352
      19.0500     0.105467
      19.1500     0.104059
      19.2500     0.101666
      19.3500    0.0992737
      19.4500    0.0968811
      19.5500    0.0944885
      19.6500    0.0920958
      19.7500    0.0894464
      19.8500    0.0865848
      19.9500    0.0837231
