    0.0500000      2124.42
     0.150000      1680.03
     0.250000      1235.65
     0.350000      900.549
     0.450000      659.239
     0.550000      491.390
     0.650000      380.418
     0.750000      297.870
     0.850000      235.151
     0.950000      191.294
      1.05000      159.268
      1.15000      134.193
      1.25000      113.029
      1.35000      98.0011
      1.45000      86.0595
      1.55000      75.2371
      1.65000      64.9155
      1.75000      56.9958
      1.85000      50.0274
      1.95000      43.8993
      2.05000      38.0639
      2.15000      34.9988
      2.25000      32.7746
      2.35000      29.7353
      2.45000      26.4828
      2.55000      23.6291
      2.65000      20.8641
      2.75000      19.3157
      2.85000      17.9931
      2.95000      16.5310
      3.05000      15.0479
      3.15000      13.8142
      3.25000      12.6100
      3.35000      11.5265
      3.45000      10.4536
      3.55000      9.43441
      3.65000      8.41838
      3.75000      7.79689
      3.85000      7.18730
      3.95000      6.40419
      4.05000      5.63715
      4.15000      5.62630
      4.25000      5.59607
      4.35000      5.17365
      4.45000      4.75388
      4.55000      4.36784
      4.65000      4.01106
      4.75000      3.92352
      4.85000      3.78448
      4.95000      3.27976
      5.05000      2.84580
      5.15000      2.81633
      5.25000      2.75330
      5.35000      2.53128
      5.45000      2.32151
      5.55000      2.16083
      5.65000      2.02516
      5.75000      1.97554
      5.85000      1.90877
      5.95000      1.79073
      6.05000      1.68241
      6.15000      1.59958
      6.25000      1.50308
      6.35000      1.37487
      6.45000      1.27154
      6.55000      1.21941
      6.65000      1.16505
      6.75000      1.10660
      6.85000      1.07380
      6.95000      1.08324
      7.05000      1.05260
      7.15000     0.962699
      7.25000     0.898555
      7.35000     0.868728
      7.45000     0.851272
      7.55000     0.848678
      7.65000     0.779698
      7.75000     0.638709
      7.85000     0.559895
      7.95000     0.541993
      8.05000     0.524564
      8.15000     0.507554
      8.25000     0.506741
      8.35000     0.518862
      8.45000     0.504313
      8.55000     0.470569
      8.65000     0.443713
      8.75000     0.421318
      8.85000     0.399542
      8.95000     0.378124
      9.05000     0.341810
      9.15000     0.297746
      9.25000     0.303803
      9.35000     0.333094
      9.45000     0.351941
      9.55000     0.366494
      9.65000     0.352980
      9.75000     0.329302
      9.85000     0.307966
      9.95000     0.287372
      10.0500     0.272427
      10.1500     0.259028
      10.2500     0.234185
      10.3500     0.206666
      10.4500     0.217711
      10.5500     0.236325
      10.6500     0.231819
      10.7500     0.223592
      10.8500     0.199824
      10.9500     0.174072
      11.0500     0.159793
      11.1500     0.146618
      11.2500     0.141029
      11.3500     0.135945
      11.4500     0.132828
      11.5500     0.129787
      11.6500     0.117724
      11.7500     0.105895
      11.8500     0.117742
      11.9500     0.129786
      12.0500     0.146604
      12.1500     0.159960
      12.2500     0.123483
      12.3500    0.0908659
      12.4500    0.0970863
      12.5500     0.104470
      12.6500     0.120734
      12.7500     0.132656
      12.8500     0.118190
      12.9500     0.104900
      13.0500    0.0974860
      13.1500    0.0904273
      13.2500    0.0848603
      13.3500    0.0824775
      13.4500    0.0915409
      13.5500    0.0959177
      13.6500    0.0857010
      13.7500    0.0814382
      13.8500    0.0933941
      13.9500    0.0939238
      14.0500    0.0670114
      14.1500    0.0524738
      14.2500    0.0643025
      14.3500    0.0682635
      14.4500    0.0572780
      14.5500    0.0557191
      14.6500    0.0701894
      14.7500    0.0729443
      14.8500    0.0578120
      14.9500    0.0458819
      15.0500    0.0383517
      15.1500    0.0334513
      15.2500    0.0318089
      15.3500    0.0341702
      15.4500    0.0410083
      15.5500    0.0456903
      15.6500    0.0481946
      15.7500    0.0470768
      15.8500    0.0426552
      15.9500    0.0390357
      16.0500    0.0360764
      16.1500    0.0362346
      16.2500    0.0387076
      16.3500    0.0363820
      16.4500    0.0308482
      16.5500    0.0352114
      16.6500    0.0455191
      16.7500    0.0480998
      16.8500    0.0465237
      16.9500    0.0441065
      17.0500    0.0412856
      17.1500    0.0385076
      17.2500    0.0357480
      17.3500    0.0357622
      17.4500    0.0368203
      17.5500    0.0294793
      17.6500    0.0193681
      17.7500    0.0265711
      17.8500    0.0387301
      17.9500    0.0321907
      18.0500    0.0210605
      18.1500    0.0230402
      18.2500    0.0277369
      18.3500    0.0272831
      18.4500    0.0259473
      18.5500    0.0308344
      18.6500    0.0365764
      18.7500    0.0306379
      18.8500    0.0234687
      18.9500    0.0175043
      19.0500    0.0116305
      19.1500    0.0189416
      19.2500    0.0268658
      19.3500    0.0246705
      19.4500    0.0222653
      19.5500    0.0176833
      19.6500    0.0134222
      19.7500    0.0188953
      19.8500    0.0240479
      19.9500    0.0239336
