    0.0500000      126.997
     0.150000      122.612
     0.250000      118.226
     0.350000      113.841
     0.450000      109.456
     0.550000      105.071
     0.650000      100.686
     0.750000      96.7691
     0.850000      93.3594
     0.950000      89.9498
      1.05000      86.5402
      1.15000      83.1306
      1.25000      78.1363
      1.35000      72.7473
      1.45000      67.3582
      1.55000      61.9692
      1.65000      56.9521
      1.75000      54.6426
      1.85000      52.3331
      1.95000      50.0236
      2.05000      47.7140
      2.15000      45.3081
      2.25000      42.7800
      2.35000      40.2519
      2.45000      37.7238
      2.55000      35.1957
      2.65000      33.8568
      2.75000      32.8908
      2.85000      31.9249
      2.95000      30.9589
      3.05000      29.9229
      3.15000      28.0967
      3.25000      26.2704
      3.35000      24.4442
      3.45000      22.6179
      3.55000      21.0198
      3.65000      19.7617
      3.75000      18.5035
      3.85000      17.2454
      3.95000      15.9872
      4.05000      15.1845
      4.15000      14.5571
      4.25000      13.9298
      4.35000      13.3025
      4.45000      12.6726
      4.55000      11.9833
      4.65000      11.2940
      4.75000      10.6047
      4.85000      9.91547
      4.95000      9.36686
      5.05000      9.06577
      5.15000      8.76468
      5.25000      8.46359
      5.35000      8.16250
      5.45000      7.83325
      5.55000      7.49090
      5.65000      7.14855
      5.75000      6.80620
      5.85000      6.46367
      5.95000      6.05521
      6.05000      5.64676
      6.15000      5.23831
      6.25000      4.82985
      6.35000      4.51124
      6.45000      4.38094
      6.55000      4.25063
      6.65000      4.12032
      6.75000      3.99001
      6.85000      3.83239
      6.95000      3.65961
      7.05000      3.48683
      7.15000      3.31406
      7.25000      3.14128
      7.35000      2.99628
      7.45000      2.85233
      7.55000      2.70838
      7.65000      2.56444
      7.75000      2.42939
      7.85000      2.31683
      7.95000      2.20427
      8.05000      2.09172
      8.15000      1.97916
      8.25000      1.89111
      8.35000      1.81913
      8.45000      1.74716
      8.55000      1.67518
      8.65000      1.60320
      8.75000      1.52241
      8.85000      1.44089
      8.95000      1.35937
      9.05000      1.27785
      9.15000      1.21475
      9.25000      1.20863
      9.35000      1.20250
      9.45000      1.19637
      9.55000      1.19024
      9.65000      1.16713
      9.75000      1.13093
      9.85000      1.09472
      9.95000      1.05851
      10.0500      1.02231
      10.1500     0.988930
      10.2500     0.955921
      10.3500     0.922912
      10.4500     0.889903
      10.5500     0.853440
      10.6500     0.803588
      10.7500     0.753736
      10.8500     0.703883
      10.9500     0.654031
      11.0500     0.614783
      11.1500     0.585119
      11.2500     0.555455
      11.3500     0.525791
      11.4500     0.496127
      11.5500     0.485916
      11.6500     0.479260
      11.7500     0.472605
      11.8500     0.465950
      11.9500     0.460617
      12.0500     0.461945
      12.1500     0.463273
      12.2500     0.464602
      12.3500     0.465930
      12.4500     0.450864
      12.5500     0.418454
      12.6500     0.386045
      12.7500     0.353635
      12.8500     0.321225
      12.9500     0.292493
      13.0500     0.264646
      13.1500     0.236798
      13.2500     0.208950
      13.3500     0.182471
      13.4500     0.165455
      13.5500     0.148438
      13.6500     0.131421
      13.7500     0.114405
      13.8500     0.121150
      13.9500     0.157341
      14.0500     0.193532
      14.1500     0.229724
      14.2500     0.265915
      14.3500     0.263278
      14.4500     0.248834
      14.5500     0.234390
      14.6500     0.219946
      14.7500     0.205400
      14.8500     0.189786
      14.9500     0.174173
      15.0500     0.158559
      15.1500     0.142945
      15.2500     0.131738
      15.3500     0.126944
      15.4500     0.122150
      15.5500     0.117356
      15.6500     0.112562
      15.7500     0.107966
      15.8500     0.103444
      15.9500    0.0989216
      16.0500    0.0943993
      16.1500    0.0898890
      16.2500    0.0856165
      16.3500    0.0813441
      16.4500    0.0770716
      16.5500    0.0727991
      16.6500    0.0679403
      16.7500    0.0620740
      16.8500    0.0562078
      16.9500    0.0503416
      17.0500    0.0444753
      17.1500    0.0485924
      17.2500    0.0572341
      17.3500    0.0658757
      17.4500    0.0745174
      17.5500    0.0829820
      17.6500    0.0704197
      17.7500    0.0578575
      17.8500    0.0452954
      17.9500    0.0327332
      18.0500    0.0303594
      18.1500    0.0488049
      18.2500    0.0672504
      18.3500    0.0856956
      18.4500     0.104141
      18.5500     0.105976
      18.6500    0.0988207
      18.7500    0.0916649
      18.8500    0.0845093
      18.9500    0.0773535
      19.0500    0.0736412
      19.1500    0.0700389
      19.2500    0.0664366
      19.3500    0.0628344
      19.4500    0.0583693
      19.5500    0.0517840
      19.6500    0.0451986
      19.7500    0.0386133
      19.8500    0.0320281
      19.9500    0.0312476
