    0.0500000      42.3690
     0.150000      42.0335
     0.250000      41.6979
     0.350000      41.3624
     0.450000      41.0269
     0.550000      40.6913
     0.650000      40.3558
     0.750000      40.0202
     0.850000      39.6847
     0.950000      39.3491
      1.05000      39.0136
      1.15000      38.6780
      1.25000      38.3425
      1.35000      38.0070
      1.45000      37.6714
      1.55000      37.3359
      1.65000      37.0003
      1.75000      36.6648
      1.85000      36.3292
      1.95000      35.9937
      2.05000      35.6581
      2.15000      35.3226
      2.25000      34.9870
      2.35000      34.6515
      2.45000      34.3160
      2.55000      33.9804
      2.65000      33.6449
      2.75000      33.3093
      2.85000      32.9738
      2.95000      32.6382
      3.05000      32.3027
      3.15000      31.9671
      3.25000      31.6316
      3.35000      31.2961
      3.45000      30.9605
      3.55000      30.6250
      3.65000      30.2894
      3.75000      29.9539
      3.85000      29.6183
      3.95000      29.2828
      4.05000      28.9472
      4.15000      28.6117
      4.25000      28.2762
      4.35000      27.9406
      4.45000      27.6051
      4.55000      27.2695
      4.65000      26.9340
      4.75000      26.5984
      4.85000      26.2629
      4.95000      25.9273
      5.05000      25.5918
      5.15000      25.2562
      5.25000      24.9207
      5.35000      24.5852
      5.45000      24.2496
      5.55000      23.9141
      5.65000      23.5785
      5.75000      23.2430
      5.85000      22.9074
      5.95000      22.5719
      6.05000      22.2363
      6.15000      21.9008
      6.25000      21.5653
      6.35000      21.2297
      6.45000      20.8942
      6.55000      20.5586
      6.65000      20.2231
      6.75000      19.8875
      6.85000      19.5520
      6.95000      19.2164
      7.05000      18.8809
      7.15000      18.5454
      7.25000      18.2098
      7.35000      17.8743
      7.45000      17.5387
      7.55000      17.2032
      7.65000      16.8676
      7.75000      16.5321
      7.85000      16.1965
      7.95000      15.8610
      8.05000      15.5254
      8.15000      15.1899
      8.25000      14.8544
      8.35000      14.5188
      8.45000      14.1833
      8.55000      13.8477
      8.65000      13.5122
      8.75000      13.1766
      8.85000      12.8411
      8.95000      12.5055
      9.05000      12.1700
      9.15000      11.8345
      9.25000      11.4989
      9.35000      11.1634
      9.45000      10.8278
      9.55000      10.4923
      9.65000      10.1567
      9.75000      9.82119
      9.85000      9.48564
      9.95000      9.15010
      10.0500      8.81455
      10.1500      8.47900
      10.2500      8.14346
      10.3500      7.80792
      10.4500      7.47237
      10.5500      7.13683
      10.6500      6.80128
      10.7500      6.46574
      10.8500      6.13019
      10.9500      5.79465
      11.0500      5.45910
      11.1500      5.12356
      11.2500      4.78801
      11.3500      4.45247
      11.4500      4.11692
      11.5500      3.78138
      11.6500      3.44583
      11.7500      3.11029
      11.8500      2.77474
      11.9500      2.43920
      12.0500      2.10365
      12.1500      1.76811
      12.2500      1.43256
      12.3500      1.09702
      12.4500     0.761477
      12.5500     0.425930
      12.6500    0.0903845
      12.7500      0.00000
      12.8500      0.00000
      12.9500      0.00000
      13.0500      0.00000
      13.1500      0.00000
      13.2500      0.00000
      13.3500      0.00000
      13.4500      0.00000
      13.5500      0.00000
      13.6500      0.00000
      13.7500      0.00000
      13.8500      0.00000
      13.9500      0.00000
      14.0500      0.00000
      14.1500      0.00000
      14.2500      0.00000
      14.3500      0.00000
      14.4500      0.00000
      14.5500      0.00000
      14.6500      0.00000
      14.7500      0.00000
      14.8500      0.00000
      14.9500      0.00000
      15.0500      0.00000
      15.1500      0.00000
      15.2500      0.00000
      15.3500      0.00000
      15.4500      0.00000
      15.5500      0.00000
      15.6500      0.00000
      15.7500      0.00000
      15.8500      0.00000
      15.9500      0.00000
      16.0500      0.00000
      16.1500      0.00000
      16.2500      0.00000
      16.3500      0.00000
      16.4500      0.00000
      16.5500      0.00000
      16.6500      0.00000
      16.7500      0.00000
      16.8500      0.00000
      16.9500      0.00000
      17.0500      0.00000
      17.1500      0.00000
      17.2500      0.00000
      17.3500      0.00000
      17.4500      0.00000
      17.5500      0.00000
      17.6500      0.00000
      17.7500      0.00000
      17.8500      0.00000
      17.9500      0.00000
      18.0500      0.00000
      18.1500      0.00000
      18.2500      0.00000
      18.3500      0.00000
      18.4500      0.00000
      18.5500      0.00000
      18.6500      0.00000
      18.7500      0.00000
      18.8500      0.00000
      18.9500      0.00000
      19.0500      0.00000
      19.1500      0.00000
      19.2500      0.00000
      19.3500      0.00000
      19.4500      0.00000
      19.5500      0.00000
      19.6500      0.00000
      19.7500      0.00000
      19.8500      0.00000
      19.9500      0.00000
