    0.0500000      108.004
     0.150000      108.762
     0.250000      109.519
     0.350000      110.277
     0.450000      111.035
     0.550000      111.793
     0.650000      112.550
     0.750000      106.252
     0.850000      98.9314
     0.950000      91.6105
      1.05000      84.2895
      1.15000      79.0363
      1.25000      76.2538
      1.35000      73.4713
      1.45000      70.6888
      1.55000      67.8686
      1.65000      64.0888
      1.75000      60.3090
      1.85000      56.5293
      1.95000      52.7495
      2.05000      49.9038
      2.15000      47.6303
      2.25000      45.3569
      2.35000      43.0834
      2.45000      40.8269
      2.55000      38.6370
      2.65000      36.4470
      2.75000      34.2571
      2.85000      32.0672
      2.95000      30.8253
      3.05000      29.8438
      3.15000      28.8623
      3.25000      27.8807
      3.35000      26.4586
      3.45000      24.2759
      3.55000      22.0933
      3.65000      19.9107
      3.75000      17.7280
      3.85000      17.0190
      3.95000      16.3890
      4.05000      15.7591
      4.15000      15.1291
      4.25000      14.4164
      4.35000      13.6307
      4.45000      12.8450
      4.55000      12.0593
      4.65000      11.2913
      4.75000      10.6618
      4.85000      10.0322
      4.95000      9.40267
      5.05000      8.77313
      5.15000      8.25067
      5.25000      7.77501
      5.35000      7.29936
      5.45000      6.82370
      5.55000      6.39512
      5.65000      6.08875
      5.75000      5.78238
      5.85000      5.47601
      5.95000      5.16963
      6.05000      4.89518
      6.15000      4.62590
      6.25000      4.35662
      6.35000      4.08734
      6.45000      3.83979
      6.55000      3.61962
      6.65000      3.39944
      6.75000      3.17926
      6.85000      2.96377
      6.95000      2.93230
      7.05000      2.90083
      7.15000      2.86936
      7.25000      2.83789
      7.35000      2.70288
      7.45000      2.50086
      7.55000      2.29883
      7.65000      2.09680
      7.75000      1.91488
      7.85000      1.81903
      7.95000      1.72318
      8.05000      1.62734
      8.15000      1.53149
      8.25000      1.47260
      8.35000      1.42466
      8.45000      1.37671
      8.55000      1.32877
      8.65000      1.27092
      8.75000      1.19499
      8.85000      1.11906
      8.95000      1.04313
      9.05000     0.967199
      9.15000      1.00805
      9.25000      1.05689
      9.35000      1.10572
      9.45000      1.15455
      9.55000      1.16684
      9.65000      1.14515
      9.75000      1.12347
      9.85000      1.10179
      9.95000      1.07264
      10.0500     0.976706
      10.1500     0.880771
      10.2500     0.784837
      10.3500     0.688902
      10.4500     0.666827
      10.5500     0.679068
      10.6500     0.691308
      10.7500     0.703548
      10.8500     0.693057
      10.9500     0.619529
      11.0500     0.546002
      11.1500     0.472474
      11.2500     0.398946
      11.3500     0.384947
      11.4500     0.381677
      11.5500     0.378406
      11.6500     0.375136
      11.7500     0.381301
      11.8500     0.399996
      11.9500     0.418690
      12.0500     0.437385
      12.1500     0.455509
      12.2500     0.425728
      12.3500     0.395946
      12.4500     0.366166
      12.5500     0.336384
      12.6500     0.318323
      12.7500     0.308272
      12.8500     0.298221
      12.9500     0.288170
      13.0500     0.276937
      13.1500     0.260182
      13.2500     0.243427
      13.3500     0.226672
      13.4500     0.209917
      13.5500     0.222793
      13.6500     0.245102
      13.7500     0.267411
      13.8500     0.289720
      13.9500     0.292725
      14.0500     0.258383
      14.1500     0.224042
      14.2500     0.189701
      14.3500     0.155359
      14.4500     0.166239
      14.5500     0.180890
      14.6500     0.195542
      14.7500     0.210193
      14.8500     0.198065
      14.9500     0.159714
      15.0500     0.121363
      15.1500    0.0830124
      15.2500    0.0498413
      15.3500    0.0706838
      15.4500    0.0915260
      15.5500     0.112368
      15.6500     0.133211
      15.7500     0.135393
      15.8500     0.128373
      15.9500     0.121354
      16.0500     0.114334
      16.1500     0.107912
      16.2500     0.103263
      16.3500    0.0986136
      16.4500    0.0939643
      16.5500    0.0893151
      16.6500    0.0848624
      16.7500    0.0804487
      16.8500    0.0760351
      16.9500    0.0716214
      17.0500    0.0744419
      17.1500    0.0873983
      17.2500     0.100355
      17.3500     0.113311
      17.4500     0.126267
      17.5500     0.118170
      17.6500     0.110046
      17.7500     0.101923
      17.8500    0.0937988
      17.9500    0.0858956
      18.0500    0.0781516
      18.1500    0.0704076
      18.2500    0.0626635
      18.3500    0.0572956
      18.4500    0.0641088
      18.5500    0.0709220
      18.6500    0.0777351
      18.7500    0.0845483
      18.8500    0.0807830
      18.9500    0.0734056
      19.0500    0.0660282
      19.1500    0.0586507
      19.2500    0.0541617
      19.3500    0.0555979
      19.4500    0.0570341
      19.5500    0.0584703
      19.6500    0.0599065
      19.7500    0.0612880
      19.8500    0.0626641
      19.9500    0.0640403
