    0.0500000      202.364
     0.150000      194.764
     0.250000      187.163
     0.350000      179.562
     0.450000      171.962
     0.550000      164.361
     0.650000      155.663
     0.750000      143.502
     0.850000      131.341
     0.950000      119.180
      1.05000      107.402
      1.15000      100.913
      1.25000      94.4241
      1.35000      87.9352
      1.45000      81.4463
      1.55000      75.9458
      1.65000      70.5619
      1.75000      65.1780
      1.85000      59.7941
      1.95000      55.3078
      2.05000      51.1682
      2.15000      47.0285
      2.25000      42.8888
      2.35000      39.7833
      2.45000      37.5291
      2.55000      35.2750
      2.65000      33.0208
      2.75000      30.9929
      2.85000      29.3414
      2.95000      27.6898
      3.05000      26.0383
      3.15000      24.4193
      3.25000      22.9285
      3.35000      21.4377
      3.45000      19.9469
      3.55000      18.4580
      3.65000      17.0328
      3.75000      15.6076
      3.85000      14.1824
      3.95000      12.7572
      4.05000      12.2253
      4.15000      11.8430
      4.25000      11.4608
      4.35000      11.0786
      4.45000      10.5851
      4.55000      10.0400
      4.65000      9.49504
      4.75000      8.95003
      4.85000      8.40456
      4.95000      7.85865
      5.05000      7.31274
      5.15000      6.76684
      5.25000      6.29848
      5.35000      5.98236
      5.45000      5.66624
      5.55000      5.35013
      5.65000      5.05688
      5.75000      4.87982
      5.85000      4.70275
      5.95000      4.52568
      6.05000      4.34862
      6.15000      4.15587
      6.25000      3.96299
      6.35000      3.77011
      6.45000      3.57723
      6.55000      3.42064
      6.65000      3.27210
      6.75000      3.12356
      6.85000      2.97502
      6.95000      2.85365
      7.05000      2.74721
      7.15000      2.64078
      7.25000      2.53434
      7.35000      2.41565
      7.45000      2.28330
      7.55000      2.15095
      7.65000      2.01860
      7.75000      1.90093
      7.85000      1.81760
      7.95000      1.73427
      8.05000      1.65093
      8.15000      1.56804
      8.25000      1.48822
      8.35000      1.40839
      8.45000      1.32857
      8.55000      1.24874
      8.65000      1.24448
      8.75000      1.24390
      8.85000      1.24333
      8.95000      1.24275
      9.05000      1.22254
      9.15000      1.19680
      9.25000      1.17106
      9.35000      1.14533
      9.45000      1.09888
      9.55000      1.03905
      9.65000     0.979225
      9.75000     0.919397
      9.85000     0.875114
      9.95000     0.851067
      10.0500     0.827021
      10.1500     0.802974
      10.2500     0.777477
      10.3500     0.747881
      10.4500     0.718286
      10.5500     0.688690
      10.6500     0.658763
      10.7500     0.625425
      10.8500     0.592087
      10.9500     0.558749
      11.0500     0.525410
      11.1500     0.502681
      11.2500     0.480932
      11.3500     0.459183
      11.4500     0.437434
      11.5500     0.419285
      11.6500     0.402385
      11.7500     0.385486
      11.8500     0.368586
      11.9500     0.368828
      12.0500     0.382031
      12.1500     0.395234
      12.2500     0.408437
      12.3500     0.409778
      12.4500     0.393058
      12.5500     0.376339
      12.6500     0.359620
      12.7500     0.344709
      12.8500     0.336081
      12.9500     0.327454
      13.0500     0.318827
      13.1500     0.310570
      13.2500     0.309296
      13.3500     0.308022
      13.4500     0.306748
      13.5500     0.305473
      13.6500     0.294296
      13.7500     0.281736
      13.8500     0.269175
      13.9500     0.256615
      14.0500     0.251042
      14.1500     0.248400
      14.2500     0.245759
      14.3500     0.243117
      14.4500     0.231998
      14.5500     0.213402
      14.6500     0.194807
      14.7500     0.176212
      14.8500     0.163904
      14.9500     0.162849
      15.0500     0.161794
      15.1500     0.160740
      15.2500     0.159067
      15.3500     0.154677
      15.4500     0.150287
      15.5500     0.145898
      15.6500     0.141428
      15.7500     0.130650
      15.8500     0.119872
      15.9500     0.109094
      16.0500    0.0983160
      16.1500     0.102874
      16.2500     0.110365
      16.3500     0.117857
      16.4500     0.125348
      16.5500     0.126833
      16.6500     0.125312
      16.7500     0.123790
      16.8500     0.122268
      16.9500     0.120782
      17.0500     0.119333
      17.1500     0.117883
      17.2500     0.116433
      17.3500     0.111637
      17.4500    0.0997414
      17.5500    0.0878460
      17.6500    0.0759505
      17.7500    0.0661900
      17.8500    0.0687766
      17.9500    0.0713632
      18.0500    0.0739498
      18.1500    0.0765364
      18.2500    0.0783141
      18.3500    0.0800704
      18.4500    0.0818268
      18.5500    0.0835832
      18.6500    0.0785193
      18.7500    0.0717653
      18.8500    0.0650114
      18.9500    0.0582574
      19.0500    0.0581698
      19.1500    0.0620243
      19.2500    0.0658789
      19.3500    0.0697334
      19.4500    0.0713668
      19.5500    0.0703440
      19.6500    0.0693213
      19.7500    0.0682985
      19.8500    0.0669140
      19.9500    0.0646099
