    0.0500000      31.5935
     0.150000      31.1202
     0.250000      30.6469
     0.350000      30.1735
     0.450000      29.7002
     0.550000      29.2269
     0.650000      28.7536
     0.750000      28.2803
     0.850000      27.8069
     0.950000      27.3336
      1.05000      26.8603
      1.15000      26.3870
      1.25000      25.9137
      1.35000      25.4404
      1.45000      24.9670
      1.55000      24.4937
      1.65000      24.0120
      1.75000      23.3970
      1.85000      22.7821
      1.95000      22.1672
      2.05000      21.5522
      2.15000      20.9373
      2.25000      20.3224
      2.35000      19.7074
      2.45000      19.0925
      2.55000      18.4775
      2.65000      17.8626
      2.75000      17.2580
      2.85000      16.7471
      2.95000      16.2363
      3.05000      15.7254
      3.15000      15.2146
      3.25000      14.7037
      3.35000      14.1929
      3.45000      13.6820
      3.55000      13.1711
      3.65000      12.6603
      3.75000      12.1494
      3.85000      11.6644
      3.95000      11.3392
      4.05000      11.0141
      4.15000      10.6889
      4.25000      10.3638
      4.35000      10.0386
      4.45000      9.71350
      4.55000      9.38836
      4.65000      9.06322
      4.75000      8.73807
      4.85000      8.41293
      4.95000      8.11046
      5.05000      7.91230
      5.15000      7.71414
      5.25000      7.51598
      5.35000      7.31782
      5.45000      7.11966
      5.55000      6.92150
      5.65000      6.72334
      5.75000      6.52518
      5.85000      6.32702
      5.95000      6.12886
      6.05000      5.94070
      6.15000      5.78840
      6.25000      5.63610
      6.35000      5.48380
      6.45000      5.33150
      6.55000      5.17919
      6.65000      5.02689
      6.75000      4.87459
      6.85000      4.72229
      6.95000      4.56999
      7.05000      4.41769
      7.15000      4.27918
      7.25000      4.18036
      7.35000      4.08155
      7.45000      3.98273
      7.55000      3.88392
      7.65000      3.78510
      7.75000      3.68629
      7.85000      3.58747
      7.95000      3.48865
      8.05000      3.38984
      8.15000      3.29102
      8.25000      3.20353
      8.35000      3.14277
      8.45000      3.08201
      8.55000      3.02125
      8.65000      2.96049
      8.75000      2.89973
      8.85000      2.83898
      8.95000      2.77822
      9.05000      2.71746
      9.15000      2.65670
      9.25000      2.59594
      9.35000      2.53514
      9.45000      2.47429
      9.55000      2.41343
      9.65000      2.35257
      9.75000      2.29171
      9.85000      2.23085
      9.95000      2.16999
      10.0500      2.10913
      10.1500      2.04827
      10.2500      1.98741
      10.3500      1.92655
      10.4500      1.87773
      10.5500      1.84880
      10.6500      1.81987
      10.7500      1.79094
      10.8500      1.76202
      10.9500      1.73309
      11.0500      1.70416
      11.1500      1.67523
      11.2500      1.64631
      11.3500      1.61738
      11.4500      1.58845
      11.5500      1.55687
      11.6500      1.52158
      11.7500      1.48629
      11.8500      1.45100
      11.9500      1.41570
      12.0500      1.38041
      12.1500      1.34512
      12.2500      1.30983
      12.3500      1.27454
      12.4500      1.23924
      12.5500      1.20395
      12.6500      1.17468
      12.7500      1.15257
      12.8500      1.13046
      12.9500      1.10835
      13.0500      1.08625
      13.1500      1.06414
      13.2500      1.04203
      13.3500      1.01992
      13.4500     0.997814
      13.5500     0.975707
      13.6500     0.953599
      13.7500     0.933101
      13.8500     0.914240
      13.9500     0.895380
      14.0500     0.876518
      14.1500     0.857657
      14.2500     0.838797
      14.3500     0.819936
      14.4500     0.801075
      14.5500     0.782214
      14.6500     0.763353
      14.7500     0.744492
      14.8500     0.731865
      14.9500     0.724641
      15.0500     0.717417
      15.1500     0.710194
      15.2500     0.702970
      15.3500     0.695747
      15.4500     0.688523
      15.5500     0.681299
      15.6500     0.674076
      15.7500     0.666852
      15.8500     0.659628
      15.9500     0.648675
      16.0500     0.634969
      16.1500     0.621263
      16.2500     0.607557
      16.3500     0.593851
      16.4500     0.580145
      16.5500     0.566439
      16.6500     0.552733
      16.7500     0.539026
      16.8500     0.525321
      16.9500     0.511614
      17.0500     0.502941
      17.1500     0.497419
      17.2500     0.491896
      17.3500     0.486373
      17.4500     0.480851
      17.5500     0.475328
      17.6500     0.469805
      17.7500     0.464282
      17.8500     0.458760
      17.9500     0.453237
      18.0500     0.447714
      18.1500     0.441759
      18.2500     0.435576
      18.3500     0.429392
      18.4500     0.423209
      18.5500     0.417025
      18.6500     0.410842
      18.7500     0.404658
      18.8500     0.398475
      18.9500     0.392291
      19.0500     0.386108
      19.1500     0.379924
      19.2500     0.373932
      19.3500     0.368024
      19.4500     0.362116
      19.5500     0.356207
      19.6500     0.350299
      19.7500     0.344391
      19.8500     0.338483
      19.9500     0.332575
