    0.0500000      1849.61
     0.150000      1488.73
     0.250000      1127.86
     0.350000      784.025
     0.450000      614.794
     0.550000      445.563
     0.650000      351.226
     0.750000      273.901
     0.850000      218.879
     0.950000      182.790
      1.05000      150.721
      1.15000      129.699
      1.25000      108.678
      1.35000      96.4461
      1.45000      84.2786
      1.55000      74.0001
      1.65000      64.4607
      1.75000      56.6025
      1.85000      50.8437
      1.95000      45.2273
      2.05000      40.3026
      2.15000      35.3779
      2.25000      32.8349
      2.35000      30.5665
      2.45000      27.8682
      2.55000      24.9093
      2.65000      22.4892
      2.75000      21.0766
      2.85000      19.6547
      2.95000      18.1172
      3.05000      16.5797
      3.15000      15.2469
      3.25000      13.9652
      3.35000      12.8158
      3.45000      11.7854
      3.55000      10.7933
      3.65000      9.91473
      3.75000      9.03614
      3.85000      8.24931
      3.95000      7.46452
      4.05000      6.95416
      4.15000      6.55904
      4.25000      6.23064
      4.35000      5.99057
      4.45000      5.71825
      4.55000      5.27170
      4.65000      4.82514
      4.75000      4.56414
      4.85000      4.32793
      4.95000      4.05446
      5.05000      3.75698
      5.15000      3.46538
      5.25000      3.18552
      5.35000      2.92289
      5.45000      2.93010
      5.55000      2.93731
      5.65000      2.75018
      5.75000      2.51015
      5.85000      2.35192
      5.95000      2.27167
      6.05000      2.17129
      6.15000      2.00639
      6.25000      1.84150
      6.35000      1.71375
      6.45000      1.58740
      6.55000      1.54429
      6.65000      1.53862
      6.75000      1.49228
      6.85000      1.38883
      6.95000      1.29404
      7.05000      1.25169
      7.15000      1.20934
      7.25000      1.16424
      7.35000      1.11873
      7.45000      1.08942
      7.55000      1.07121
      7.65000      1.01796
      7.75000     0.890148
      7.85000     0.765765
      7.95000     0.713241
      8.05000     0.660717
      8.15000     0.641372
      8.25000     0.631852
      8.35000     0.627668
      8.45000     0.628875
      8.55000     0.622300
      8.65000     0.588681
      8.75000     0.555063
      8.85000     0.512304
      8.95000     0.469059
      9.05000     0.442154
      9.15000     0.423103
      9.25000     0.414279
      9.35000     0.420707
      9.45000     0.429199
      9.55000     0.451836
      9.65000     0.474473
      9.75000     0.429909
      9.85000     0.373786
      9.95000     0.350688
      10.0500     0.351581
      10.1500     0.346033
      10.2500     0.325820
      10.3500     0.306233
      10.4500     0.306124
      10.5500     0.306016
      10.6500     0.285546
      10.7500     0.258543
      10.8500     0.242887
      10.9500     0.239375
      11.0500     0.232926
      11.1500     0.215364
      11.2500     0.197801
      11.3500     0.176148
      11.4500     0.154210
      11.5500     0.147595
      11.6500     0.148841
      11.7500     0.150068
      11.8500     0.151267
      11.9500     0.154620
      12.0500     0.174908
      12.1500     0.195197
      12.2500     0.177451
      12.3500     0.152396
      12.4500     0.141517
      12.5500     0.141562
      12.6500     0.141281
      12.7500     0.140200
      12.8500     0.138934
      12.9500     0.126750
      13.0500     0.114565
      13.1500     0.105940
      13.2500    0.0985484
      13.3500    0.0948033
      13.4500    0.0951938
      13.5500    0.0951697
      13.6500    0.0934286
      13.7500    0.0916876
      13.8500    0.0947985
      13.9500    0.0983283
      14.0500    0.0938240
      14.1500    0.0849262
      14.2500    0.0798944
      14.3500    0.0813773
      14.4500    0.0826599
      14.5500    0.0821076
      14.6500    0.0815554
      14.7500    0.0769783
      14.8500    0.0715436
      14.9500    0.0640701
      15.0500    0.0549304
      15.1500    0.0469164
      15.2500    0.0418511
      15.3500    0.0368214
      15.4500    0.0478483
      15.5500    0.0588753
      15.6500    0.0589015
      15.7500    0.0548215
      15.8500    0.0507914
      15.9500    0.0468215
      16.0500    0.0436817
      16.1500    0.0443205
      16.2500    0.0449594
      16.3500    0.0399529
      16.4500    0.0343609
      16.5500    0.0371669
      16.6500    0.0448630
      16.7500    0.0487737
      16.8500    0.0458953
      16.9500    0.0430945
      17.0500    0.0411417
      17.1500    0.0391889
      17.2500    0.0386427
      17.3500    0.0384266
      17.4500    0.0364298
      17.5500    0.0328905
      17.6500    0.0313108
      17.7500    0.0352567
      17.8500    0.0392026
      17.9500    0.0326274
      18.0500    0.0259217
      18.1500    0.0256290
      18.2500    0.0279088
      18.3500    0.0312103
      18.4500    0.0358140
      18.5500    0.0397513
      18.6500    0.0403311
      18.7500    0.0409109
      18.8500    0.0338844
      18.9500    0.0259330
      19.0500    0.0237668
      19.1500    0.0251835
      19.2500    0.0258091
      19.3500    0.0249226
      19.4500    0.0239336
      19.5500    0.0215700
      19.6500    0.0192063
      19.7500    0.0227735
      19.8500    0.0278659
      19.9500    0.0267916
