    0.0500000      16.9285
     0.150000      16.7119
     0.250000      16.4954
     0.350000      16.2789
     0.450000      16.0624
     0.550000      15.8458
     0.650000      15.6293
     0.750000      15.4128
     0.850000      15.1963
     0.950000      14.9797
      1.05000      14.7632
      1.15000      14.5467
      1.25000      14.3302
      1.35000      14.1136
      1.45000      13.8971
      1.55000      13.6806
      1.65000      13.4641
      1.75000      13.2475
      1.85000      13.0310
      1.95000      12.8145
      2.05000      12.5980
      2.15000      12.3814
      2.25000      12.1649
      2.35000      11.9330
      2.45000      11.6881
      2.55000      11.4432
      2.65000      11.1983
      2.75000      10.9534
      2.85000      10.7085
      2.95000      10.4636
      3.05000      10.2187
      3.15000      9.97380
      3.25000      9.72891
      3.35000      9.48401
      3.45000      9.23911
      3.55000      8.99422
      3.65000      8.74932
      3.75000      8.50443
      3.85000      8.28165
      3.95000      8.12921
      4.05000      7.97677
      4.15000      7.82434
      4.25000      7.67190
      4.35000      7.51946
      4.45000      7.36702
      4.55000      7.21459
      4.65000      7.06215
      4.75000      6.90971
      4.85000      6.75728
      4.95000      6.60484
      5.05000      6.45240
      5.15000      6.29996
      5.25000      6.14753
      5.35000      5.99509
      5.45000      5.87618
      5.55000      5.75960
      5.65000      5.64302
      5.75000      5.52645
      5.85000      5.40987
      5.95000      5.29329
      6.05000      5.17672
      6.15000      5.06014
      6.25000      4.94357
      6.35000      4.82699
      6.45000      4.71041
      6.55000      4.59384
      6.65000      4.47726
      6.75000      4.36068
      6.85000      4.24411
      6.95000      4.15516
      7.05000      4.08242
      7.15000      4.00967
      7.25000      3.93692
      7.35000      3.86417
      7.45000      3.79142
      7.55000      3.71867
      7.65000      3.64592
      7.75000      3.57317
      7.85000      3.50042
      7.95000      3.42767
      8.05000      3.35492
      8.15000      3.28217
      8.25000      3.20942
      8.35000      3.13667
      8.45000      3.07182
      8.55000      3.02330
      8.65000      2.97477
      8.75000      2.92625
      8.85000      2.87772
      8.95000      2.82920
      9.05000      2.78067
      9.15000      2.73214
      9.25000      2.68362
      9.35000      2.63509
      9.45000      2.58657
      9.55000      2.53804
      9.65000      2.48952
      9.75000      2.44099
      9.85000      2.39247
      9.95000      2.34413
      10.0500      2.30398
      10.1500      2.26384
      10.2500      2.22370
      10.3500      2.18355
      10.4500      2.14341
      10.5500      2.10327
      10.6500      2.06313
      10.7500      2.02298
      10.8500      1.98284
      10.9500      1.94270
      11.0500      1.90256
      11.1500      1.86241
      11.2500      1.82227
      11.3500      1.78213
      11.4500      1.74198
      11.5500      1.70956
      11.6500      1.68018
      11.7500      1.65079
      11.8500      1.62141
      11.9500      1.59202
      12.0500      1.56263
      12.1500      1.53325
      12.2500      1.50386
      12.3500      1.47448
      12.4500      1.44509
      12.5500      1.41571
      12.6500      1.38632
      12.7500      1.35694
      12.8500      1.32755
      12.9500      1.29817
      13.0500      1.27385
      13.1500      1.25674
      13.2500      1.23962
      13.3500      1.22250
      13.4500      1.20539
      13.5500      1.18827
      13.6500      1.17116
      13.7500      1.15404
      13.8500      1.13693
      13.9500      1.11981
      14.0500      1.10269
      14.1500      1.08558
      14.2500      1.06846
      14.3500      1.05135
      14.4500      1.03423
      14.5500      1.01742
      14.6500      1.00311
      14.7500     0.988800
      14.8500     0.974489
      14.9500     0.960178
      15.0500     0.945867
      15.1500     0.931556
      15.2500     0.917245
      15.3500     0.902934
      15.4500     0.888623
      15.5500     0.874312
      15.6500     0.860001
      15.7500     0.845690
      15.8500     0.831380
      15.9500     0.817069
      16.0500     0.802758
      16.1500     0.790781
      16.2500     0.779372
      16.3500     0.767962
      16.4500     0.756552
      16.5500     0.745143
      16.6500     0.733733
      16.7500     0.722323
      16.8500     0.710914
      16.9500     0.699504
      17.0500     0.688095
      17.1500     0.676685
      17.2500     0.665275
      17.3500     0.653866
      17.4500     0.642456
      17.5500     0.631047
      17.6500     0.621292
      17.7500     0.613190
      17.8500     0.605088
      17.9500     0.596986
      18.0500     0.588884
      18.1500     0.580783
      18.2500     0.572681
      18.3500     0.564579
      18.4500     0.556477
      18.5500     0.548375
      18.6500     0.540273
      18.7500     0.532171
      18.8500     0.524070
      18.9500     0.515968
      19.0500     0.507866
      19.1500     0.499870
      19.2500     0.492309
      19.3500     0.484747
      19.4500     0.477186
      19.5500     0.469625
      19.6500     0.462063
      19.7500     0.454502
      19.8500     0.446941
      19.9500     0.439380
