    0.0500000      144.173
     0.150000      141.845
     0.250000      139.517
     0.350000      137.189
     0.450000      134.860
     0.550000      132.532
     0.650000      128.496
     0.750000      122.538
     0.850000      116.580
     0.950000      110.621
      1.05000      104.609
      1.15000      98.5326
      1.25000      92.4558
      1.35000      86.3789
      1.45000      80.9074
      1.55000      76.2350
      1.65000      71.5626
      1.75000      66.8901
      1.85000      62.5820
      1.95000      58.7952
      2.05000      55.0084
      2.15000      51.2216
      2.25000      47.8060
      2.35000      44.9669
      2.45000      42.1279
      2.55000      39.2888
      2.65000      36.7624
      2.75000      34.7638
      2.85000      32.7652
      2.95000      30.7666
      3.05000      28.9016
      3.15000      27.2824
      3.25000      25.6633
      3.35000      24.0441
      3.45000      22.4206
      3.55000      20.7883
      3.65000      19.1560
      3.75000      17.5237
      3.85000      16.1100
      3.95000      15.1767
      4.05000      14.2434
      4.15000      13.3101
      4.25000      12.4427
      4.35000      11.7344
      4.45000      11.0261
      4.55000      10.3178
      4.65000      9.65612
      4.75000      9.11851
      4.85000      8.58089
      4.95000      8.04328
      5.05000      7.54972
      5.15000      7.18573
      5.25000      6.82175
      5.35000      6.45776
      5.45000      6.10051
      5.55000      5.76530
      5.65000      5.43008
      5.75000      5.09486
      5.85000      4.78646
      5.95000      4.57637
      6.05000      4.36628
      6.15000      4.15619
      6.25000      3.94619
      6.35000      3.73651
      6.45000      3.52683
      6.55000      3.31715
      6.65000      3.12367
      6.75000      3.00658
      6.85000      2.88949
      6.95000      2.77241
      7.05000      2.65296
      7.15000      2.52067
      7.25000      2.38838
      7.35000      2.25608
      7.45000      2.12443
      7.55000      1.99682
      7.65000      1.86922
      7.75000      1.74162
      7.85000      1.62031
      7.95000      1.54704
      8.05000      1.47377
      8.15000      1.40050
      8.25000      1.33126
      8.35000      1.29994
      8.45000      1.26862
      8.55000      1.23729
      8.65000      1.20233
      8.75000      1.12336
      8.85000      1.04439
      8.95000     0.965423
      9.05000     0.892224
      9.15000     0.915070
      9.25000     0.937915
      9.35000     0.960761
      9.45000     0.981409
      9.55000     0.944833
      9.65000     0.908256
      9.75000     0.871680
      9.85000     0.835176
      9.95000     0.802801
      10.0500     0.770426
      10.1500     0.738051
      10.2500     0.705676
      10.3500     0.677011
      10.4500     0.648355
      10.5500     0.619700
      10.6500     0.591044
      10.7500     0.555844
      10.8500     0.520497
      10.9500     0.485149
      11.0500     0.449802
      11.1500     0.429551
      11.2500     0.409961
      11.3500     0.390370
      11.4500     0.370779
      11.5500     0.350227
      11.6500     0.329613
      11.7500     0.308999
      11.8500     0.288384
      11.9500     0.312662
      12.0500     0.340911
      12.1500     0.369159
      12.2500     0.397407
      12.3500     0.370851
      12.4500     0.338141
      12.5500     0.305431
      12.6500     0.272720
      12.7500     0.264191
      12.8500     0.258979
      12.9500     0.253767
      13.0500     0.248555
      13.1500     0.233853
      13.2500     0.217601
      13.3500     0.201349
      13.4500     0.185097
      13.5500     0.185621
      13.6500     0.189341
      13.7500     0.193061
      13.8500     0.196781
      13.9500     0.189941
      14.0500     0.180786
      14.1500     0.171632
      14.2500     0.162478
      14.3500     0.163591
      14.4500     0.167263
      14.5500     0.170936
      14.6500     0.174608
      14.7500     0.163702
      14.8500     0.148705
      14.9500     0.133707
      15.0500     0.118710
      15.1500     0.111148
      15.2500     0.105920
      15.3500     0.100691
      15.4500    0.0954630
      15.5500    0.0949849
      15.6500    0.0961634
      15.7500    0.0973419
      15.8500    0.0985203
      15.9500    0.0965654
      16.0500    0.0934024
      16.1500    0.0902393
      16.2500    0.0870762
      16.3500    0.0881314
      16.4500    0.0909772
      16.5500    0.0938230
      16.6500    0.0966689
      16.7500    0.0927304
      16.8500    0.0856332
      16.9500    0.0785359
      17.0500    0.0714386
      17.1500    0.0714395
      17.2500    0.0750547
      17.3500    0.0786698
      17.4500    0.0822850
      17.5500    0.0807703
      17.6500    0.0764064
      17.7500    0.0720425
      17.8500    0.0676786
      17.9500    0.0643855
      18.0500    0.0617398
      18.1500    0.0590941
      18.2500    0.0564484
      18.3500    0.0597511
      18.4500    0.0669622
      18.5500    0.0741733
      18.6500    0.0813844
      18.7500    0.0781333
      18.8500    0.0674238
      18.9500    0.0567141
      19.0500    0.0460043
      19.1500    0.0416272
      19.2500    0.0421435
      19.3500    0.0426598
      19.4500    0.0431761
      19.5500    0.0432971
      19.6500    0.0430874
      19.7500    0.0428776
      19.8500    0.0426679
      19.9500    0.0402824
