    0.0500000      776.125
     0.150000      595.591
     0.250000      406.706
     0.350000      298.263
     0.450000      219.100
     0.550000      156.307
     0.650000      127.829
     0.750000      98.4678
     0.850000      76.1839
     0.950000      65.2287
      1.05000      53.3325
      1.15000      47.4944
      1.25000      38.6287
      1.35000      35.0579
      1.45000      30.2720
      1.55000      27.1749
      1.65000      22.5945
      1.75000      20.8047
      1.85000      18.7447
      1.95000      16.4838
      2.05000      14.5892
      2.15000      12.8420
      2.25000      12.3710
      2.35000      10.7665
      2.45000      10.6485
      2.55000      8.90900
      2.65000      8.44510
      2.75000      7.48267
      2.85000      7.43723
      2.95000      6.82237
      3.05000      5.92633
      3.15000      5.70229
      3.25000      5.24082
      3.35000      4.89097
      3.45000      4.70118
      3.55000      4.00547
      3.65000      3.80306
      3.75000      3.45378
      3.85000      3.28420
      3.95000      2.85164
      4.05000      2.54476
      4.15000      2.39517
      4.25000      2.51810
      4.35000      2.52533
      4.45000      2.32926
      4.55000      2.03658
      4.65000      1.83555
      4.75000      1.93325
      4.85000      2.06176
      4.95000      1.59353
      5.05000      1.60680
      5.15000      1.47183
      5.25000      1.31493
      5.35000      1.22729
      5.45000      1.28229
      5.55000      1.08667
      5.65000      1.12227
      5.75000     0.965619
      5.85000     0.982933
      5.95000      1.01388
      6.05000      1.00641
      6.15000     0.834279
      6.25000     0.951820
      6.35000     0.745887
      6.45000     0.834925
      6.55000     0.710316
      6.65000     0.759058
      6.75000     0.693556
      6.85000     0.642308
      6.95000     0.633182
      7.05000     0.696196
      7.15000     0.536579
      7.25000     0.575908
      7.35000     0.529724
      7.45000     0.507549
      7.55000     0.482168
      7.65000     0.575441
      7.75000     0.477063
      7.85000     0.337978
      7.95000     0.422547
      8.05000     0.319127
      8.15000     0.336011
      8.25000     0.331985
      8.35000     0.324643
      8.45000     0.324187
      8.55000     0.307196
      8.65000     0.277537
      8.75000     0.326024
      8.85000     0.325573
      8.95000     0.239904
      9.05000     0.262258
      9.15000     0.247048
      9.25000     0.235241
      9.35000     0.244843
      9.45000     0.281163
      9.55000     0.287130
      9.65000     0.254888
      9.75000     0.208800
      9.85000     0.223910
      9.95000     0.179051
      10.0500     0.196985
      10.1500     0.222947
      10.2500     0.160075
      10.3500     0.161277
      10.4500     0.135370
      10.5500     0.185070
      10.6500     0.164748
      10.7500     0.171128
      10.8500     0.156532
      10.9500     0.126687
      11.0500     0.148611
      11.1500     0.109198
      11.2500     0.113277
      11.3500     0.139736
      11.4500     0.106376
      11.5500     0.120186
      11.6500    0.0997139
      11.7500    0.0964606
      11.8500    0.0932678
      11.9500     0.113845
      12.0500     0.108210
      12.1500     0.121333
      12.2500    0.0902684
      12.3500    0.0849563
      12.4500     0.102507
      12.5500    0.0791023
      12.6500    0.0874560
      12.7500     0.104581
      12.8500    0.0905306
      12.9500    0.0920382
      13.0500    0.0674238
      13.1500    0.0841874
      13.2500    0.0707054
      13.3500    0.0638065
      13.4500    0.0992300
      13.5500    0.0985135
      13.6500    0.0457820
      13.7500    0.0723123
      13.8500    0.0697496
      13.9500    0.0774081
      14.0500    0.0465282
      14.1500    0.0361593
      14.2500    0.0758115
      14.3500    0.0693495
      14.4500    0.0452661
      14.5500    0.0547350
      14.6500    0.0543687
      14.7500    0.0771533
      14.8500    0.0402380
      14.9500    0.0342653
      15.0500    0.0510655
      15.1500    0.0375813
      15.2500    0.0392085
      15.3500    0.0408129
      15.4500    0.0368688
      15.5500    0.0311422
      15.6500    0.0327672
      15.7500    0.0470399
      15.8500    0.0377602
      15.9500    0.0303811
      16.0500    0.0266439
      16.1500    0.0317797
      16.2500    0.0333440
      16.3500    0.0331451
      16.4500    0.0294817
      16.5500    0.0327559
      16.6500    0.0377073
      16.7500    0.0306717
      16.8500    0.0457408
      16.9500    0.0320057
      17.0500    0.0351737
      17.1500    0.0316426
      17.2500    0.0347770
      17.3500    0.0329360
      17.4500    0.0311153
      17.5500    0.0195432
      17.6500    0.0145769
      17.7500    0.0273849
      17.8500    0.0320423
      17.9500    0.0270888
      18.0500    0.0190187
      18.1500    0.0189178
      18.2500    0.0376360
      18.3500    0.0171590
      18.4500    0.0279310
      18.5500    0.0169803
      18.6500    0.0307125
      18.7500    0.0244437
      18.8500    0.0197598
      18.9500    0.0181469
      19.0500    0.0150459
      19.1500    0.0224560
      19.2500    0.0283017
      19.3500    0.0133395
      19.4500    0.0132730
      19.5500    0.0205458
      19.6500    0.0189852
      19.7500    0.0276120
      19.8500    0.0260325
      19.9500    0.0259074
