    0.0500000      42.8266
     0.150000      42.1810
     0.250000      41.5353
     0.350000      40.8897
     0.450000      40.2440
     0.550000      39.5984
     0.650000      38.9528
     0.750000      38.3071
     0.850000      37.6615
     0.950000      37.0158
      1.05000      36.3702
      1.15000      35.7245
      1.25000      35.0044
      1.35000      34.2516
      1.45000      33.4989
      1.55000      32.7461
      1.65000      31.9933
      1.75000      31.2406
      1.85000      30.4878
      1.95000      29.7350
      2.05000      28.8528
      2.15000      27.9433
      2.25000      27.0337
      2.35000      26.1242
      2.45000      25.2146
      2.55000      24.3050
      2.65000      23.3955
      2.75000      22.4859
      2.85000      21.8664
      2.95000      21.2602
      3.05000      20.6540
      3.15000      20.0478
      3.25000      19.4416
      3.35000      18.8354
      3.45000      18.2293
      3.55000      17.6100
      3.65000      16.8523
      3.75000      16.0945
      3.85000      15.3367
      3.95000      14.5790
      4.05000      13.8212
      4.15000      13.0634
      4.25000      12.3057
      4.35000      11.6560
      4.45000      11.3979
      4.55000      11.1398
      4.65000      10.8818
      4.75000      10.6237
      4.85000      10.3656
      4.95000      10.1075
      5.05000      9.84945
      5.15000      9.55667
      5.25000      9.19844
      5.35000      8.84022
      5.45000      8.48199
      5.55000      8.12376
      5.65000      7.76554
      5.75000      7.40731
      5.85000      7.04908
      5.95000      6.79529
      6.05000      6.65611
      6.15000      6.51693
      6.25000      6.37775
      6.35000      6.23857
      6.45000      6.09939
      6.55000      5.96021
      6.65000      5.82102
      6.75000      5.65230
      6.85000      5.46446
      6.95000      5.27661
      7.05000      5.08876
      7.15000      4.90092
      7.25000      4.71307
      7.35000      4.52523
      7.45000      4.33738
      7.55000      4.16941
      7.65000      4.00852
      7.75000      3.84763
      7.85000      3.68674
      7.95000      3.52585
      8.05000      3.36496
      8.15000      3.20407
      8.25000      3.04319
      8.35000      2.98238
      8.45000      2.93686
      8.55000      2.89134
      8.65000      2.84582
      8.75000      2.80031
      8.85000      2.75479
      8.95000      2.70927
      9.05000      2.66375
      9.15000      2.59302
      9.25000      2.52224
      9.35000      2.45146
      9.45000      2.38067
      9.55000      2.30989
      9.65000      2.23911
      9.75000      2.16832
      9.85000      2.09791
      9.95000      2.03004
      10.0500      1.96216
      10.1500      1.89428
      10.2500      1.82641
      10.3500      1.75853
      10.4500      1.69066
      10.5500      1.62278
      10.6500      1.56202
      10.7500      1.52171
      10.8500      1.48139
      10.9500      1.44108
      11.0500      1.40076
      11.1500      1.36045
      11.2500      1.32013
      11.3500      1.27982
      11.4500      1.24483
      11.5500      1.21823
      11.6500      1.19164
      11.7500      1.16504
      11.8500      1.13845
      11.9500      1.11185
      12.0500      1.08526
      12.1500      1.05866
      12.2500      1.03565
      12.3500      1.01597
      12.4500     0.996286
      12.5500     0.976604
      12.6500     0.956921
      12.7500     0.937238
      12.8500     0.917556
      12.9500     0.897873
      13.0500     0.877366
      13.1500     0.856414
      13.2500     0.835461
      13.3500     0.814509
      13.4500     0.793556
      13.5500     0.772604
      13.6500     0.751651
      13.7500     0.730698
      13.8500     0.717092
      13.9500     0.705568
      14.0500     0.694044
      14.1500     0.682520
      14.2500     0.670997
      14.3500     0.659473
      14.4500     0.647949
      14.5500     0.636425
      14.6500     0.613548
      14.7500     0.589539
      14.8500     0.565531
      14.9500     0.541522
      15.0500     0.517514
      15.1500     0.493505
      15.2500     0.469497
      15.3500     0.446035
      15.4500     0.435832
      15.5500     0.425628
      15.6500     0.415425
      15.7500     0.405222
      15.8500     0.395018
      15.9500     0.384815
      16.0500     0.374611
      16.1500     0.366189
      16.2500     0.366472
      16.3500     0.366756
      16.4500     0.367039
      16.5500     0.367323
      16.6500     0.367606
      16.7500     0.367889
      16.8500     0.368173
      16.9500     0.364337
      17.0500     0.350892
      17.1500     0.337448
      17.2500     0.324004
      17.3500     0.310560
      17.4500     0.297115
      17.5500     0.283671
      17.6500     0.270227
      17.7500     0.262920
      17.8500     0.263738
      17.9500     0.264556
      18.0500     0.265374
      18.1500     0.266193
      18.2500     0.267011
      18.3500     0.267829
      18.4500     0.268647
      18.5500     0.264713
      18.6500     0.257052
      18.7500     0.249392
      18.8500     0.241732
      18.9500     0.234072
      19.0500     0.226412
      19.1500     0.218751
      19.2500     0.211091
      19.3500     0.212510
      19.4500     0.217992
      19.5500     0.223474
      19.6500     0.228957
      19.7500     0.234439
      19.8500     0.239921
      19.9500     0.245404
