    0.0500000      46.6486
     0.150000      45.5247
     0.250000      44.4007
     0.350000      43.2768
     0.450000      42.1529
     0.550000      41.0290
     0.650000      39.9050
     0.750000      38.7811
     0.850000      37.6572
     0.950000      36.5333
      1.05000      35.4094
      1.15000      34.2854
      1.25000      33.1615
      1.35000      32.0376
      1.45000      30.9137
      1.55000      29.7897
      1.65000      28.6658
      1.75000      27.5419
      1.85000      26.4180
      1.95000      25.2940
      2.05000      24.1701
      2.15000      23.0462
      2.25000      21.9223
      2.35000      20.7983
      2.45000      19.6744
      2.55000      18.5505
      2.65000      17.4266
      2.75000      16.3026
      2.85000      15.7761
      2.95000      15.2851
      3.05000      14.7942
      3.15000      14.3032
      3.25000      13.8122
      3.35000      13.3212
      3.45000      12.8302
      3.55000      12.3393
      3.65000      11.8483
      3.75000      11.3573
      3.85000      10.8663
      3.95000      10.3754
      4.05000      9.88437
      4.15000      9.39340
      4.25000      8.90242
      4.35000      8.41144
      4.45000      7.92046
      4.55000      7.42948
      4.65000      7.10324
      4.75000      6.89971
      4.85000      6.69618
      4.95000      6.49265
      5.05000      6.28912
      5.15000      6.08559
      5.25000      5.88206
      5.35000      5.67853
      5.45000      5.47500
      5.55000      5.27147
      5.65000      5.06794
      5.75000      4.86441
      5.85000      4.66087
      5.95000      4.45734
      6.05000      4.25381
      6.15000      4.05028
      6.25000      3.84675
      6.35000      3.64322
      6.45000      3.46455
      6.55000      3.38388
      6.65000      3.30321
      6.75000      3.22253
      6.85000      3.14186
      6.95000      3.06119
      7.05000      2.98052
      7.15000      2.89984
      7.25000      2.81917
      7.35000      2.73850
      7.45000      2.65782
      7.55000      2.57715
      7.65000      2.49648
      7.75000      2.41580
      7.85000      2.33513
      7.95000      2.25446
      8.05000      2.17379
      8.15000      2.09311
      8.25000      2.01244
      8.35000      1.96690
      8.45000      1.92848
      8.55000      1.89006
      8.65000      1.85164
      8.75000      1.81322
      8.85000      1.77479
      8.95000      1.73637
      9.05000      1.69795
      9.15000      1.65953
      9.25000      1.62110
      9.35000      1.58268
      9.45000      1.54426
      9.55000      1.50584
      9.65000      1.46742
      9.75000      1.42900
      9.85000      1.39057
      9.95000      1.35215
      10.0500      1.31373
      10.1500      1.28221
      10.2500      1.25875
      10.3500      1.23530
      10.4500      1.21185
      10.5500      1.18840
      10.6500      1.16495
      10.7500      1.14149
      10.8500      1.11804
      10.9500      1.09459
      11.0500      1.07114
      11.1500      1.04769
      11.2500      1.02423
      11.3500      1.00078
      11.4500     0.977330
      11.5500     0.953878
      11.6500     0.930426
      11.7500     0.906974
      11.8500     0.883522
      11.9500     0.861106
      12.0500     0.849158
      12.1500     0.837209
      12.2500     0.825260
      12.3500     0.813311
      12.4500     0.801363
      12.5500     0.789414
      12.6500     0.777465
      12.7500     0.765516
      12.8500     0.753567
      12.9500     0.741619
      13.0500     0.729670
      13.1500     0.717721
      13.2500     0.705772
      13.3500     0.693823
      13.4500     0.681875
      13.5500     0.669926
      13.6500     0.657977
      13.7500     0.646028
      13.8500     0.634169
      13.9500     0.622345
      14.0500     0.610520
      14.1500     0.598696
      14.2500     0.586872
      14.3500     0.575047
      14.4500     0.563223
      14.5500     0.551399
      14.6500     0.539574
      14.7500     0.527750
      14.8500     0.515925
      14.9500     0.504101
      15.0500     0.492277
      15.1500     0.480452
      15.2500     0.468628
      15.3500     0.456804
      15.4500     0.444979
      15.5500     0.433155
      15.6500     0.422117
      15.7500     0.412548
      15.8500     0.402980
      15.9500     0.393411
      16.0500     0.383843
      16.1500     0.374274
      16.2500     0.364706
      16.3500     0.355137
      16.4500     0.345569
      16.5500     0.336000
      16.6500     0.326432
      16.7500     0.316863
      16.8500     0.307295
      16.9500     0.297726
      17.0500     0.288158
      17.1500     0.278589
      17.2500     0.269021
      17.3500     0.259452
      17.4500     0.249884
      17.5500     0.250399
      17.6500     0.251143
      17.7500     0.251887
      17.8500     0.252631
      17.9500     0.253375
      18.0500     0.254119
      18.1500     0.254863
      18.2500     0.255607
      18.3500     0.256352
      18.4500     0.257096
      18.5500     0.257840
      18.6500     0.258584
      18.7500     0.259328
      18.8500     0.260072
      18.9500     0.260816
      19.0500     0.261560
      19.1500     0.262304
      19.2500     0.263048
      19.3500     0.259989
      19.4500     0.254469
      19.5500     0.248948
      19.6500     0.243427
      19.7500     0.237907
      19.8500     0.232386
      19.9500     0.226866
