    0.0500000      83.2218
     0.150000      81.3841
     0.250000      79.5463
     0.350000      77.7086
     0.450000      75.8708
     0.550000      74.0331
     0.650000      72.1953
     0.750000      70.3576
     0.850000      68.5198
     0.950000      66.6821
      1.05000      64.8443
      1.15000      63.0066
      1.25000      61.1688
      1.35000      59.3311
      1.45000      57.4934
      1.55000      55.6556
      1.65000      53.8179
      1.75000      51.9801
      1.85000      50.1424
      1.95000      48.3046
      2.05000      46.4669
      2.15000      44.6291
      2.25000      42.7914
      2.35000      40.9536
      2.45000      39.1159
      2.55000      37.2781
      2.65000      35.4404
      2.75000      33.6026
      2.85000      31.7649
      2.95000      29.9271
      3.05000      28.0894
      3.15000      26.2516
      3.25000      24.4139
      3.35000      22.5761
      3.45000      20.7384
      3.55000      18.9007
      3.65000      17.0629
      3.75000      15.2252
      3.85000      13.3874
      3.95000      11.5497
      4.05000      9.71191
      4.15000      7.87416
      4.25000      6.03642
      4.35000      4.19866
      4.45000      2.36092
      4.55000     0.523174
      4.65000      0.00000
      4.75000      0.00000
      4.85000      0.00000
      4.95000      0.00000
      5.05000      0.00000
      5.15000      0.00000
      5.25000      0.00000
      5.35000      0.00000
      5.45000      0.00000
      5.55000      0.00000
      5.65000      0.00000
      5.75000      0.00000
      5.85000      0.00000
      5.95000      0.00000
      6.05000      0.00000
      6.15000      0.00000
      6.25000      0.00000
      6.35000      0.00000
      6.45000      0.00000
      6.55000      0.00000
      6.65000      0.00000
      6.75000      0.00000
      6.85000      0.00000
      6.95000      0.00000
      7.05000      0.00000
      7.15000      0.00000
      7.25000      0.00000
      7.35000      0.00000
      7.45000      0.00000
      7.55000      0.00000
      7.65000      0.00000
      7.75000      0.00000
      7.85000      0.00000
      7.95000      0.00000
      8.05000      0.00000
      8.15000      0.00000
      8.25000      0.00000
      8.35000      0.00000
      8.45000      0.00000
      8.55000      0.00000
      8.65000      0.00000
      8.75000      0.00000
      8.85000      0.00000
      8.95000      0.00000
      9.05000      0.00000
      9.15000      0.00000
      9.25000      0.00000
      9.35000      0.00000
      9.45000      0.00000
      9.55000      0.00000
      9.65000      0.00000
      9.75000      0.00000
      9.85000      0.00000
      9.95000      0.00000
      10.0500      0.00000
      10.1500      0.00000
      10.2500      0.00000
      10.3500      0.00000
      10.4500      0.00000
      10.5500      0.00000
      10.6500      0.00000
      10.7500      0.00000
      10.8500      0.00000
      10.9500      0.00000
      11.0500      0.00000
      11.1500      0.00000
      11.2500      0.00000
      11.3500      0.00000
      11.4500      0.00000
      11.5500      0.00000
      11.6500      0.00000
      11.7500      0.00000
      11.8500      0.00000
      11.9500      0.00000
      12.0500      0.00000
      12.1500      0.00000
      12.2500      0.00000
      12.3500      0.00000
      12.4500      0.00000
      12.5500      0.00000
      12.6500      0.00000
      12.7500      0.00000
      12.8500      0.00000
      12.9500      0.00000
      13.0500      0.00000
      13.1500      0.00000
      13.2500      0.00000
      13.3500      0.00000
      13.4500      0.00000
      13.5500      0.00000
      13.6500      0.00000
      13.7500      0.00000
      13.8500      0.00000
      13.9500      0.00000
      14.0500      0.00000
      14.1500      0.00000
      14.2500      0.00000
      14.3500      0.00000
      14.4500      0.00000
      14.5500      0.00000
      14.6500      0.00000
      14.7500      0.00000
      14.8500      0.00000
      14.9500      0.00000
      15.0500      0.00000
      15.1500      0.00000
      15.2500      0.00000
      15.3500      0.00000
      15.4500      0.00000
      15.5500      0.00000
      15.6500      0.00000
      15.7500      0.00000
      15.8500      0.00000
      15.9500      0.00000
      16.0500      0.00000
      16.1500      0.00000
      16.2500      0.00000
      16.3500      0.00000
      16.4500      0.00000
      16.5500      0.00000
      16.6500      0.00000
      16.7500      0.00000
      16.8500      0.00000
      16.9500      0.00000
      17.0500      0.00000
      17.1500      0.00000
      17.2500      0.00000
      17.3500      0.00000
      17.4500      0.00000
      17.5500      0.00000
      17.6500      0.00000
      17.7500      0.00000
      17.8500      0.00000
      17.9500      0.00000
      18.0500      0.00000
      18.1500      0.00000
      18.2500      0.00000
      18.3500      0.00000
      18.4500      0.00000
      18.5500      0.00000
      18.6500      0.00000
      18.7500      0.00000
      18.8500      0.00000
      18.9500      0.00000
      19.0500      0.00000
      19.1500      0.00000
      19.2500      0.00000
      19.3500      0.00000
      19.4500      0.00000
      19.5500      0.00000
      19.6500      0.00000
      19.7500      0.00000
      19.8500      0.00000
      19.9500      0.00000
