    0.0500000      54.5255
     0.150000      53.3665
     0.250000      52.2075
     0.350000      51.0484
     0.450000      49.8894
     0.550000      48.7303
     0.650000      47.5713
     0.750000      46.4123
     0.850000      45.2532
     0.950000      44.7995
      1.05000      44.6693
      1.15000      44.5391
      1.25000      44.4088
      1.35000      44.2786
      1.45000      44.1484
      1.55000      43.5131
      1.65000      42.7589
      1.75000      42.0047
      1.85000      41.2505
      1.95000      40.4962
      2.05000      39.7420
      2.15000      38.2743
      2.25000      36.7553
      2.35000      35.2363
      2.45000      33.7174
      2.55000      32.1984
      2.65000      30.7047
      2.75000      29.6302
      2.85000      28.5556
      2.95000      27.4811
      3.05000      26.4065
      3.15000      25.3320
      3.25000      24.2772
      3.35000      23.3125
      3.45000      22.3477
      3.55000      21.3829
      3.65000      20.4181
      3.75000      19.4534
      3.85000      18.4998
      3.95000      17.5719
      4.05000      16.6441
      4.15000      15.7162
      4.25000      14.7883
      4.35000      13.8604
      4.45000      13.2520
      4.55000      13.0704
      4.65000      12.8889
      4.75000      12.7074
      4.85000      12.5259
      4.95000      12.3444
      5.05000      11.9798
      5.15000      11.4665
      5.25000      10.9533
      5.35000      10.4400
      5.45000      9.92673
      5.55000      9.41346
      5.65000      8.97427
      5.75000      8.57068
      5.85000      8.16710
      5.95000      7.76351
      6.05000      7.35993
      6.15000      6.95634
      6.25000      6.65296
      6.35000      6.37477
      6.45000      6.09658
      6.55000      5.81840
      6.65000      5.54021
      6.75000      5.26202
      6.85000      5.08424
      6.95000      4.91486
      7.05000      4.74547
      7.15000      4.57609
      7.25000      4.40671
      7.35000      4.23761
      7.45000      4.07444
      7.55000      3.91127
      7.65000      3.74809
      7.75000      3.58492
      7.85000      3.42175
      7.95000      3.27037
      8.05000      3.17646
      8.15000      3.08255
      8.25000      2.98864
      8.35000      2.89473
      8.45000      2.80082
      8.55000      2.69677
      8.65000      2.56835
      8.75000      2.43994
      8.85000      2.31153
      8.95000      2.18312
      9.05000      2.05471
      9.15000      1.96933
      9.25000      1.94394
      9.35000      1.91855
      9.45000      1.89316
      9.55000      1.86777
      9.65000      1.84237
      9.75000      1.78172
      9.85000      1.69122
      9.95000      1.60071
      10.0500      1.51020
      10.1500      1.41969
      10.2500      1.32919
      10.3500      1.26809
      10.4500      1.22180
      10.5500      1.17550
      10.6500      1.12921
      10.7500      1.08292
      10.8500      1.03662
      10.9500      1.00953
      11.0500     0.987576
      11.1500     0.965621
      11.2500     0.943666
      11.3500     0.921710
      11.4500     0.899755
      11.5500     0.879757
      11.6500     0.859947
      11.7500     0.840136
      11.8500     0.820325
      11.9500     0.800515
      12.0500     0.779399
      12.1500     0.723740
      12.2500     0.668081
      12.3500     0.612421
      12.4500     0.556762
      12.5500     0.501102
      12.6500     0.453207
      12.7500     0.446036
      12.8500     0.438865
      12.9500     0.431694
      13.0500     0.424522
      13.1500     0.417351
      13.2500     0.404680
      13.3500     0.378132
      13.4500     0.351584
      13.5500     0.325036
      13.6500     0.298488
      13.7500     0.271940
      13.8500     0.259055
      13.9500     0.266031
      14.0500     0.273008
      14.1500     0.279985
      14.2500     0.286961
      14.3500     0.293938
      14.4500     0.294394
      14.5500     0.289099
      14.6500     0.283804
      14.7500     0.278510
      14.8500     0.273215
      14.9500     0.267920
      15.0500     0.258651
      15.1500     0.247290
      15.2500     0.235929
      15.3500     0.224567
      15.4500     0.213206
      15.5500     0.201845
      15.6500     0.202035
      15.7500     0.205507
      15.8500     0.208979
      15.9500     0.212452
      16.0500     0.215924
      16.1500     0.219396
      16.2500     0.203643
      16.3500     0.185814
      16.4500     0.167984
      16.5500     0.150154
      16.6500     0.132324
      16.7500     0.114906
      16.8500     0.112807
      16.9500     0.110707
      17.0500     0.108608
      17.1500     0.106508
      17.2500     0.104409
      17.3500     0.102330
      17.4500     0.100366
      17.5500    0.0984019
      17.6500    0.0964380
      17.7500    0.0944741
      17.8500    0.0925103
      17.9500    0.0887111
      18.0500    0.0800402
      18.1500    0.0713693
      18.2500    0.0626984
      18.3500    0.0540277
      18.4500    0.0453568
      18.5500    0.0432110
      18.6500    0.0509606
      18.7500    0.0587103
      18.8500    0.0664598
      18.9500    0.0742094
      19.0500    0.0819590
      19.1500    0.0820979
      19.2500    0.0752427
      19.3500    0.0683875
      19.4500    0.0615322
      19.5500    0.0546770
      19.6500    0.0478217
      19.7500    0.0468624
      19.8500    0.0491506
      19.9500    0.0514388
