    0.0500000      11.2723
     0.150000      11.1637
     0.250000      11.0552
     0.350000      10.9467
     0.450000      10.8381
     0.550000      10.7296
     0.650000      10.6211
     0.750000      10.5126
     0.850000      10.4040
     0.950000      10.2955
      1.05000      10.1870
      1.15000      10.0784
      1.25000      9.96992
      1.35000      9.86139
      1.45000      9.75286
      1.55000      9.64433
      1.65000      9.53580
      1.75000      9.42727
      1.85000      9.31875
      1.95000      9.21022
      2.05000      9.10169
      2.15000      8.99316
      2.25000      8.88463
      2.35000      8.77610
      2.45000      8.66757
      2.55000      8.55905
      2.65000      8.44226
      2.75000      8.32363
      2.85000      8.20501
      2.95000      8.08638
      3.05000      7.96776
      3.15000      7.84913
      3.25000      7.73051
      3.35000      7.61188
      3.45000      7.49326
      3.55000      7.37463
      3.65000      7.25601
      3.75000      7.13738
      3.85000      7.01876
      3.95000      6.90013
      4.05000      6.78151
      4.15000      6.66288
      4.25000      6.54426
      4.35000      6.43968
      4.45000      6.34122
      4.55000      6.24277
      4.65000      6.14431
      4.75000      6.04585
      4.85000      5.94739
      4.95000      5.84894
      5.05000      5.75048
      5.15000      5.65202
      5.25000      5.55357
      5.35000      5.45511
      5.45000      5.35665
      5.55000      5.25819
      5.65000      5.15974
      5.75000      5.06128
      5.85000      4.96282
      5.95000      4.86437
      6.05000      4.77761
      6.15000      4.69948
      6.25000      4.62136
      6.35000      4.54324
      6.45000      4.46512
      6.55000      4.38700
      6.65000      4.30888
      6.75000      4.23075
      6.85000      4.15263
      6.95000      4.07451
      7.05000      3.99639
      7.15000      3.91827
      7.25000      3.84015
      7.35000      3.76202
      7.45000      3.68390
      7.55000      3.60578
      7.65000      3.52766
      7.75000      3.46206
      7.85000      3.41154
      7.95000      3.36102
      8.05000      3.31050
      8.15000      3.25997
      8.25000      3.20945
      8.35000      3.15893
      8.45000      3.10841
      8.55000      3.05788
      8.65000      3.00736
      8.75000      2.95684
      8.85000      2.90632
      8.95000      2.85579
      9.05000      2.80527
      9.15000      2.75475
      9.25000      2.70423
      9.35000      2.65370
      9.45000      2.60647
      9.55000      2.56584
      9.65000      2.52521
      9.75000      2.48458
      9.85000      2.44395
      9.95000      2.40332
      10.0500      2.36269
      10.1500      2.32206
      10.2500      2.28143
      10.3500      2.24081
      10.4500      2.20018
      10.5500      2.15955
      10.6500      2.11892
      10.7500      2.07829
      10.8500      2.03766
      10.9500      1.99703
      11.0500      1.95640
      11.1500      1.91803
      11.2500      1.88809
      11.3500      1.85814
      11.4500      1.82820
      11.5500      1.79826
      11.6500      1.76832
      11.7500      1.73838
      11.8500      1.70844
      11.9500      1.67849
      12.0500      1.64855
      12.1500      1.61861
      12.2500      1.58867
      12.3500      1.55873
      12.4500      1.52879
      12.5500      1.49884
      12.6500      1.46890
      12.7500      1.43896
      12.8500      1.41008
      12.9500      1.39194
      13.0500      1.37380
      13.1500      1.35566
      13.2500      1.33752
      13.3500      1.31938
      13.4500      1.30124
      13.5500      1.28309
      13.6500      1.26495
      13.7500      1.24681
      13.8500      1.22867
      13.9500      1.21053
      14.0500      1.19239
      14.1500      1.17425
      14.2500      1.15611
      14.3500      1.13797
      14.4500      1.11983
      14.5500      1.10169
      14.6500      1.08667
      14.7500      1.07175
      14.8500      1.05683
      14.9500      1.04191
      15.0500      1.02699
      15.1500      1.01207
      15.2500     0.997154
      15.3500     0.982235
      15.4500     0.967315
      15.5500     0.952396
      15.6500     0.937477
      15.7500     0.922558
      15.8500     0.907638
      15.9500     0.892719
      16.0500     0.877800
      16.1500     0.862881
      16.2500     0.847961
      16.3500     0.836562
      16.4500     0.825799
      16.5500     0.815035
      16.6500     0.804271
      16.7500     0.793507
      16.8500     0.782744
      16.9500     0.771980
      17.0500     0.761216
      17.1500     0.750452
      17.2500     0.739688
      17.3500     0.728925
      17.4500     0.718161
      17.5500     0.707397
      17.6500     0.696633
      17.7500     0.685870
      17.8500     0.675106
      17.9500     0.664342
      18.0500     0.654515
      18.1500     0.645043
      18.2500     0.635570
      18.3500     0.626098
      18.4500     0.616625
      18.5500     0.607152
      18.6500     0.597680
      18.7500     0.588207
      18.8500     0.578734
      18.9500     0.569262
      19.0500     0.559789
      19.1500     0.550317
      19.2500     0.540844
      19.3500     0.531371
      19.4500     0.521899
      19.5500     0.512426
      19.6500     0.502953
      19.7500     0.495274
      19.8500     0.488769
      19.9500     0.482263
