    0.0500000      75.5607
     0.150000      74.4477
     0.250000      73.3347
     0.350000      72.2218
     0.450000      71.1088
     0.550000      69.9958
     0.650000      68.8828
     0.750000      67.8147
     0.850000      68.3842
     0.950000      68.9536
      1.05000      69.5230
      1.15000      70.0924
      1.25000      70.4285
      1.35000      65.7546
      1.45000      61.0806
      1.55000      56.4067
      1.65000      51.7328
      1.75000      47.2904
      1.85000      46.3322
      1.95000      45.3740
      2.05000      44.4157
      2.15000      43.4575
      2.25000      42.4517
      2.35000      40.8991
      2.45000      39.3466
      2.55000      37.7941
      2.65000      36.2416
      2.75000      34.6655
      2.85000      32.8725
      2.95000      31.0796
      3.05000      29.2866
      3.15000      27.4937
      3.25000      25.8056
      3.35000      24.9196
      3.45000      24.0335
      3.55000      23.1475
      3.65000      22.2614
      3.75000      21.3201
      3.85000      20.0199
      3.95000      18.7198
      4.05000      17.4197
      4.15000      16.1196
      4.25000      14.9154
      4.35000      14.2492
      4.45000      13.5830
      4.55000      12.9169
      4.65000      12.2507
      4.75000      11.6177
      4.85000      11.1477
      4.95000      10.6777
      5.05000      10.2077
      5.15000      9.73768
      5.25000      9.27783
      5.35000      8.86215
      5.45000      8.44648
      5.55000      8.03081
      5.65000      7.61513
      5.75000      7.21480
      5.85000      6.87402
      5.95000      6.53325
      6.05000      6.19248
      6.15000      5.85171
      6.25000      5.53071
      6.35000      5.27875
      6.45000      5.02680
      6.55000      4.77484
      6.65000      4.52289
      6.75000      4.27408
      6.85000      4.03524
      6.95000      3.79640
      7.05000      3.55755
      7.15000      3.31871
      7.25000      3.12243
      7.35000      3.04847
      7.45000      2.97451
      7.55000      2.90055
      7.65000      2.82658
      7.75000      2.73595
      7.85000      2.60158
      7.95000      2.46721
      8.05000      2.33285
      8.15000      2.19848
      8.25000      2.07210
      8.35000      1.96494
      8.45000      1.85777
      8.55000      1.75061
      8.65000      1.64344
      8.75000      1.56090
      8.85000      1.53274
      8.95000      1.50458
      9.05000      1.47642
      9.15000      1.44826
      9.25000      1.42106
      9.35000      1.39580
      9.45000      1.37055
      9.55000      1.34529
      9.65000      1.32003
      9.75000      1.29386
      9.85000      1.26598
      9.95000      1.23811
      10.0500      1.21023
      10.1500      1.18235
      10.2500      1.14480
      10.3500      1.09041
      10.4500      1.03602
      10.5500     0.981626
      10.6500     0.927236
      10.7500     0.883555
      10.8500     0.857141
      10.9500     0.830726
      11.0500     0.804312
      11.1500     0.777897
      11.2500     0.731030
      11.3500     0.653557
      11.4500     0.576085
      11.5500     0.498613
      11.6500     0.421140
      11.7500     0.396210
      11.8500     0.444318
      11.9500     0.492424
      12.0500     0.540532
      12.1500     0.588639
      12.2500     0.592233
      12.3500     0.538293
      12.4500     0.484354
      12.5500     0.430414
      12.6500     0.376474
      12.7500     0.342268
      12.8500     0.331792
      12.9500     0.321316
      13.0500     0.310840
      13.1500     0.300364
      13.2500     0.274090
      13.3500     0.230131
      13.4500     0.186171
      13.5500     0.142212
      13.6500    0.0982523
      13.7500    0.0989410
      13.8500     0.146173
      13.9500     0.193404
      14.0500     0.240636
      14.1500     0.287868
      14.2500     0.306478
      14.3500     0.297301
      14.4500     0.288124
      14.5500     0.278948
      14.6500     0.269771
      14.7500     0.251879
      14.8500     0.226108
      14.9500     0.200338
      15.0500     0.174567
      15.1500     0.148796
      15.2500     0.132939
      15.3500     0.125423
      15.4500     0.117908
      15.5500     0.110393
      15.6500     0.102878
      15.7500    0.0992417
      15.8500    0.0986433
      15.9500    0.0980449
      16.0500    0.0974465
      16.1500    0.0968481
      16.2500    0.0944544
      16.3500    0.0907534
      16.4500    0.0870523
      16.5500    0.0833513
      16.6500    0.0796502
      16.7500    0.0760747
      16.8500    0.0725842
      16.9500    0.0690937
      17.0500    0.0656031
      17.1500    0.0621126
      17.2500    0.0605614
      17.3500    0.0602281
      17.4500    0.0598949
      17.5500    0.0595617
      17.6500    0.0592284
      17.7500    0.0607321
      17.8500    0.0633051
      17.9500    0.0658782
      18.0500    0.0684512
      18.1500    0.0710243
      18.2500    0.0826514
      18.3500    0.0991567
      18.4500     0.115662
      18.5500     0.132168
      18.6500     0.148673
      18.7500     0.140824
      18.8500     0.120853
      18.9500     0.100880
      19.0500    0.0809084
      19.1500    0.0609363
      19.2500    0.0526372
      19.3500    0.0496944
      19.4500    0.0467517
      19.5500    0.0438089
      19.6500    0.0408661
      19.7500    0.0416963
      19.8500    0.0441185
      19.9500    0.0465407
